OG0005562	0	164.075	473.050
OG0005620	0	142.817	409.976
OG0005983	0	129.972	469.048
OG0006167	0	75.517	241.367
OG0006177	0	158.715	553.568
OG0006194	0	141.353	360.458
OG0006202	0	124.733	410.928
OG0006263	0	230.096	513.134
OG0006288	0	195.034	546.346
OG0006385	0	163.023	568.338
OG0006392	0	124.125	413.599
OG0006444	0	66.108	274.826
OG0006445	0	82.870	302.476
OG0006481	0	77.451	358.478
OG0006559	0	75.551	325.273
OG0006615	0	131.164	428.635
OG0006644	0	312.817	821.237
OG0006650	0	108.467	365.249
OG0006668	0	244.130	638.560
OG0006675	0	82.854	302.715
OG0006725	0	83.850	309.153
OG0006745	0	374.536	1106.972
OG0006780	0	115.574	428.080
OG0006781	0	254.799	728.976
OG0006811	0	67.480	278.567
OG0006812	0	92.556	315.699
OG0006864	0	86.458	328.106
OG0006899	0	123.643	415.491
OG0006916	0	94.709	326.758
OG0006925	0	59.575	256.676
OG0006935	0	77.048	277.104
OG0006961	0	239.199	692.496
OG0006963	0	104.228	372.422
OG0006967	0	49.132	194.246
OG0006978	0	191.494	536.144
OG0006979	0	134.294	528.615
OG0006983	0	66.795	210.589
OG0006984	0	380.522	1121.817
OG0006998	0	279.985	789.025
OG0007026	0	68.788	296.913
OG0007060	0	161.569	516.047
OG0007067	0	104.966	352.879
OG0007075	0	65.336	279.451
OG0007097	0	58.363	265.293
OG0007142	0	79.526	288.326
OG0007159	0	169.064	483.783
OG0007161	0	76.104	283.653
OG0007177	0	203.342	743.575
OG0007179	0	418.404	1078.832
OG0007203	0	158.891	497.840
OG0007218	0	82.165	311.165
OG0007222	0	102.896	358.626
OG0007230	0	45.056	212.851
OG0007252	0	81.465	334.731
OG0007272	0	142.648	451.831
OG0007275	0	253.829	980.273
OG0007280	0	114.147	416.124
OG0007285	0	166.329	456.036
OG0007289	0	72.873	314.598
OG0007295	0	163.596	500.447
OG0007338	0	50.760	220.072
OG0007342	0	50.694	236.245
OG0007345	0	173.702	508.285
OG0007352	0	387.292	1157.331
OG0007399	0	108.489	442.349
OG0007423	0	140.323	504.116
OG0007430	0	155.391	507.826
OG0007437	0	47.694	240.276
OG0007441	0	37.438	181.222
OG0007442	0	96.040	372.232
OG0007446	0	94.811	363.505
OG0007453	0	86.046	378.683
OG0007464	0	90.316	349.601
OG0007479	0	202.076	640.560
OG0007482	0	91.435	377.344
OG0007515	0	84.051	332.285
OG0007540	0	52.594	239.634
OG0007556	0	197.310	537.870
OG0007562	0	128.777	426.713
OG0007563	0	58.134	232.906
OG0007575	0	71.650	308.455
OG0007579	0	124.767	397.195
OG0007601	0	92.049	335.047
OG0007610	0	56.142	239.864
OG0007630	0	110.932	367.075
OG0007637	0	41.196	201.172
OG0007642	0	69.846	270.257
OG0007648	0	39.095	195.175
OG0007649	0	83.203	307.360
OG0007651	0	199.680	672.234
OG0007656	0	92.050	307.169
OG0007659	0	143.278	497.799
OG0007662	0	151.556	457.185
OG0007664	0	51.139	219.253
OG0007671	0	124.163	404.133
OG0007682	0	176.757	473.999
OG0007684	0	21.682	119.997
OG0007686	0	151.300	522.299
OG0007691	0	210.023	697.276
OG0007692	0	49.222	226.484
OG0007693	0	58.398	232.543
OG0007696	0	70.197	292.583
OG0007699	0	59.124	246.450
OG0007703	0	59.127	259.080
OG0007727	0	132.286	426.680
OG0007728	0	57.114	236.359
OG0007729	0	122.540	423.192
OG0007742	0	70.496	325.345
OG0007744	0	43.986	199.778
OG0007746	0	209.624	710.849
OG0007747	0	276.006	907.169
OG0007750	0	112.710	460.677
OG0007761	0	209.487	576.655
OG0007772	0	45.896	221.048
OG0007773	0	74.831	315.205
OG0007776	0	82.511	373.769
OG0007778	0	142.267	403.608
OG0007785	0	159.679	500.768
OG0007788	0	37.338	209.623
OG0007789	0	61.608	283.032
OG0007790	0	79.242	372.836
OG0007795	0	92.279	334.214
OG0007798	0	85.119	311.718
OG0007810	0	38.405	202.875
OG0007811	0	81.728	329.959
OG0007813	0	55.441	250.633
OG0007817	0	120.477	410.870
OG0007828	0	136.466	434.821
OG0007830	0	128.279	439.913
OG0007835	0	63.039	264.378
OG0007839	0	77.378	297.115
OG0007852	0	224.464	588.203
OG0007853	0	66.207	246.735
OG0007855	0	47.952	245.121
OG0007860	0	32.046	217.231
OG0007861	0	43.367	227.162
OG0007871	0	64.276	289.231
OG0007874	0	110.433	391.608
OG0007879	0	95.526	408.949
OG0007881	0	139.198	518.780
OG0007889	0	116.636	435.673
OG0007891	0	100.299	482.265
OG0007894	0	90.377	378.350
OG0007910	0	51.476	239.801
OG0007919	0	78.375	324.404
OG0007922	0	53.301	226.961
OG0007923	0	34.441	183.165
OG0007925	0	135.616	530.885
OG0007929	0	58.075	252.547
OG0007932	0	47.513	210.397
OG0007945	0	58.557	281.402
OG0007946	0	31.327	170.480
OG0007948	0	64.888	257.889
OG0007952	0	171.918	540.234
OG0007954	0	30.900	182.319
OG0007955	0	87.523	370.379
OG0007956	0	175.408	501.224
OG0007964	0	64.078	246.409
OG0007976	0	159.969	520.659
OG0007980	0	136.130	551.156
OG0007981	0	69.830	279.796
OG0007985	0	38.280	183.363
OG0007986	0	29.513	184.315
OG0007987	0	38.890	172.113
OG0007993	0	59.673	266.466
OG0007997	0	52.445	276.031
OG0008001	0	43.580	222.566
OG0008006	0	78.087	347.067
OG0008007	0	100.686	351.036
OG0008009	0	55.223	213.857
OG0008012	0	74.721	294.615
OG0008029	0	61.110	265.509
OG0008032	0	60.640	279.620
OG0008036	0	58.908	280.142
OG0008037	0	50.455	230.159
OG0008039	0	108.238	428.665
OG0008040	0	61.870	263.562
OG0008042	0	71.028	308.546
OG0008045	0	91.091	292.677
OG0008055	0	48.976	223.666
OG0008056	0	114.653	409.150
OG0008057	0	123.327	408.842
OG0008059	0	56.738	263.859
OG0008067	0	36.725	184.998
OG0008068	0	173.039	551.564
OG0008076	0	69.769	282.569
OG0008080	0	32.093	178.192
OG0008081	0	32.949	163.635
OG0008090	0	101.160	382.050
OG0008092	0	14.717	122.271
OG0008094	0	45.659	200.589
OG0008095	0	133.426	450.185
OG0008097	0	135.059	452.304
OG0008098	0	64.348	272.382
OG0008104	0	55.398	212.276
OG0008113	0	32.382	162.629
OG0008115	0	143.047	560.678
OG0008126	0	23.788	172.206
OG0008128	0	40.766	231.766
OG0008141	0	86.949	310.881
OG0008143	0	73.686	303.086
OG0008147	0	43.662	214.524
OG0008158	0	194.523	607.021
OG0008160	0	68.013	292.746
OG0008161	0	37.283	205.063
OG0008163	0	42.714	198.862
OG0008165	0	30.414	196.009
OG0008168	0	131.828	497.339
OG0008169	0	41.860	203.233
OG0008173	0	109.674	392.818
OG0008176	0	45.021	215.222
OG0008178	0	40.118	202.649
OG0008180	0	109.341	400.043
OG0008181	0	67.680	242.299
OG0008182	0	19.157	120.283
OG0008183	0	53.356	249.312
OG0008189	0	19.678	134.823
OG0008190	0	54.750	193.153
OG0008196	0	172.474	564.015
OG0008197	0	59.984	242.290
OG0008200	0	36.317	203.333
OG0008201	0	60.479	241.073
OG0008203	0	11.089	92.900
OG0008205	0	62.948	279.265
OG0008207	0	99.373	390.139
OG0008209	0	80.905	322.952
OG0008210	0	157.154	587.376
OG0008211	0	24.620	134.501
OG0008212	0	32.354	205.630
OG0008213	0	58.529	237.083
OG0008216	0	36.065	192.182
OG0008219	0	55.679	241.389
OG0008220	0	18.563	166.672
OG0008221	0	48.254	224.414
OG0008231	0	216.334	619.781
OG0008234	0	49.473	208.246
OG0008236	0	82.899	318.099
OG0008238	0	77.798	319.895
OG0008241	0	42.231	209.402
OG0008242	0	85.155	306.696
OG0008243	0	87.240	338.463
OG0008247	0	131.092	462.248
OG0008249	0	29.752	170.237
OG0008251	0	81.305	355.664
OG0008257	0	51.351	215.275
OG0008264	0	135.463	443.537
OG0008266	0	56.416	232.410
OG0008284	0	62.796	276.408
OG0008286	0	67.490	313.734
OG0008290	0	120.054	406.445
OG0008302	0	49.121	210.448
OG0008303	0	82.925	291.144
OG0008304	0	41.049	214.742
OG0008315	0	60.024	239.660
OG0008321	0	85.679	305.010
OG0008325	0	49.797	249.700
OG0008327	0	27.451	159.598
OG0008330	0	51.273	224.904
OG0008337	0	75.559	325.355
OG0008340	0	35.114	196.253
OG0008347	0	107.396	428.760
OG0008348	0	41.062	205.021
OG0008350	0	49.277	227.049
OG0008355	0	75.217	312.645
OG0008358	0	57.853	253.150
OG0008362	0	46.711	232.745
OG0008363	0	21.399	161.241
OG0008364	0	39.102	200.470
OG0008367	0	36.182	189.734
OG0008370	0	30.488	205.625
OG0008371	0	63.486	305.213
OG0008373	0	34.604	182.774
OG0008380	0	27.253	153.055
OG0008388	0	44.807	196.196
OG0008403	0	19.636	121.779
OG0008411	0	41.128	222.981
OG0008420	0	58.025	270.643
OG0008421	0	132.950	579.231
OG0008424	0	76.426	365.370
OG0008427	0	42.131	211.127
OG0008430	0	125.164	442.950
OG0008444	0	65.394	285.386
OG0008448	0	28.722	191.374
OG0008454	0	129.805	477.941
OG0008456	0	49.909	230.280
OG0008458	0	25.934	181.329
OG0008466	0	60.985	287.892
OG0008476	0	30.178	165.936
OG0008481	0	64.228	270.977
OG0008482	0	35.783	205.714
OG0008483	0	44.715	219.181
OG0008507	0	72.551	318.383
OG0008509	0	37.341	193.260
OG0008511	0	109.150	463.803
OG0008519	0	23.433	138.016
OG0008521	0	19.826	124.652
OG0008526	0	49.308	254.811
OG0008528	0	39.569	209.589
OG0008536	0	27.316	146.999
OG0008538	0	21.252	149.914
OG0008544	0	51.267	235.300
OG0008545	0	54.160	271.529
OG0008547	0	13.667	108.418
OG0008548	0	20.377	110.823
OG0008562	0	36.561	185.272
OG0008564	0	26.675	166.832
OG0008565	0	101.479	399.621
OG0008567	0	45.335	196.113
OG0008575	0	78.301	300.306
OG0008582	0	38.447	201.891
OG0008584	0	29.201	150.242
OG0008587	0	63.884	286.190
OG0008595	0	11.912	112.024
OG0008596	0	290.396	850.551
OG0008605	0	80.618	406.785
OG0008617	0	63.267	266.407
OG0008623	0	48.079	233.792
OG0008636	0	18.147	126.986
OG0008640	0	24.768	141.141
OG0008641	0	16.020	112.676
OG0008649	0	40.786	224.403
OG0008655	0	36.618	204.501
OG0008656	0	49.351	247.829
OG0008661	0	23.872	168.415
OG0008685	0	19.060	141.036
OG0008686	0	12.718	99.280
OG0008687	0	18.379	155.156
OG0008691	0	24.236	159.850
OG0008700	0	20.854	162.447
OG0008715	0	34.915	191.972
OG0008723	0	45.263	258.391
OG0008727	0	31.738	220.055
OG0008729	0	25.555	157.717
OG0008745	0	36.414	194.332
OG0008769	0	26.604	171.866
OG0008770	0	20.831	144.540
OG0008771	0	31.245	191.592
OG0008826	0	27.972	192.800
OG0008855	0	19.968	143.532
OG0008861	0	22.042	135.628
OG0008880	0	18.712	144.773
