OG0005712	0	163.170	404.851
OG0005797	0	189.169	627.884
OG0005832	0	43.392	202.590
OG0005952	0	109.062	372.006
OG0005957	0	120.301	393.841
OG0005969	0	220.791	493.532
OG0005976	0	242.508	704.996
OG0005984	0	164.312	579.546
OG0005993	0	207.487	551.036
OG0006019	0	126.508	460.400
OG0006021	0	135.173	395.912
OG0006027	0	177.795	496.522
OG0006036	0	80.657	334.306
OG0006054	0	69.589	281.347
OG0006083	0	84.384	331.559
OG0006117	0	54.810	279.337
OG0006120	0	88.015	325.690
OG0006139	0	242.024	639.894
OG0006157	0	135.282	479.842
OG0006160	0	125.034	407.206
OG0006183	0	211.152	582.541
OG0006223	0	107.435	352.328
OG0006271	0	32.866	180.440
OG0006275	0	119.561	427.569
OG0006289	0	126.230	424.050
OG0006290	0	73.642	315.609
OG0006313	0	66.598	278.865
OG0006314	0	83.454	308.232
OG0006326	0	130.133	365.977
OG0006357	0	76.493	357.808
OG0006380	0	125.586	416.838
OG0006389	0	116.405	429.944
OG0006402	0	218.579	602.443
OG0006430	0	26.692	174.639
OG0006502	0	360.814	1076.602
OG0006526	0	83.509	348.463
OG0006529	0	82.966	310.288
OG0006538	0	70.156	298.837
OG0006569	0	72.045	330.435
OG0006590	0	53.799	219.785
OG0006591	0	117.096	384.878
OG0006607	0	136.147	517.799
OG0006613	0	33.453	170.065
OG0006626	0	188.322	589.096
OG0006627	0	124.612	473.672
OG0006640	0	91.894	349.232
OG0006656	0	384.102	1130.280
OG0006674	0	87.347	363.261
OG0006677	0	159.481	500.756
OG0006709	0	69.534	268.291
OG0006719	0	244.269	712.231
OG0006723	0	160.745	541.281
OG0006727	0	99.830	347.816
OG0006735	0	75.496	292.522
OG0006744	0	139.286	443.926
OG0006753	0	129.375	457.168
OG0006758	0	97.791	404.996
OG0006763	0	251.510	673.926
OG0006775	0	162.860	521.970
OG0006784	0	105.958	356.494
OG0006789	0	324.542	857.360
OG0006796	0	84.392	349.827
OG0006804	0	74.487	273.349
OG0006805	0	72.053	296.299
OG0006806	0	95.985	367.777
OG0006829	0	74.608	340.972
OG0006841	0	57.459	247.265
OG0006844	0	68.078	240.720
OG0006855	0	50.084	251.624
OG0006858	0	177.693	481.195
OG0006901	0	129.743	409.484
OG0006914	0	67.221	278.463
OG0006918	0	54.138	269.581
OG0006920	0	74.373	281.905
OG0006921	0	403.102	980.045
OG0006923	0	104.550	366.896
OG0006941	0	85.551	328.227
OG0006943	0	132.908	452.025
OG0006947	0	88.700	336.371
OG0006951	0	172.498	479.091
OG0006954	0	109.234	358.048
OG0006964	0	112.950	447.484
OG0006980	0	82.422	315.083
OG0006987	0	85.218	380.691
OG0006997	0	143.213	498.163
OG0006999	0	77.775	291.292
OG0007006	0	58.398	277.733
OG0007009	0	54.767	269.852
OG0007018	0	54.622	237.071
OG0007027	0	52.259	238.978
OG0007029	0	104.842	358.505
OG0007030	0	108.303	444.580
OG0007031	0	244.475	719.124
OG0007033	0	70.577	291.141
OG0007037	0	117.277	433.282
OG0007039	0	63.956	276.460
OG0007040	0	80.432	316.800
OG0007052	0	150.315	460.054
OG0007061	0	51.133	224.613
OG0007068	0	100.213	338.868
OG0007071	0	172.219	559.738
OG0007072	0	37.628	177.355
OG0007078	0	62.195	240.317
OG0007083	0	43.041	207.420
OG0007089	0	155.725	478.709
OG0007101	0	199.413	635.902
OG0007103	0	109.641	387.389
OG0007104	0	138.646	498.770
OG0007107	0	49.126	221.855
OG0007109	0	161.742	504.242
OG0007112	0	63.520	265.002
OG0007115	0	44.545	198.448
OG0007119	0	48.112	239.629
OG0007124	0	51.288	230.028
OG0007126	0	119.150	387.671
OG0007132	0	62.299	252.410
OG0007134	0	237.563	652.738
OG0007145	0	150.210	444.995
OG0007167	0	222.796	679.614
OG0007170	0	60.525	256.592
OG0007180	0	98.059	393.069
OG0007183	0	51.774	221.608
OG0007192	0	198.989	738.077
OG0007193	0	44.436	217.749
OG0007196	0	72.649	330.150
OG0007200	0	92.816	351.054
OG0007207	0	111.033	385.491
OG0007211	0	50.637	196.396
OG0007218	0	55.164	238.759
OG0007230	0	131.237	468.034
OG0007237	0	107.417	425.328
OG0007238	0	76.443	347.230
OG0007249	0	151.014	456.527
OG0007257	0	95.327	332.960
OG0007270	0	44.541	201.632
OG0007273	0	55.314	248.204
OG0007277	0	124.917	418.978
OG0007281	0	41.393	203.304
OG0007282	0	117.800	383.887
OG0007299	0	76.195	334.170
OG0007302	0	95.677	402.799
OG0007303	0	129.353	415.197
OG0007304	0	120.855	375.001
OG0007308	0	100.732	365.394
OG0007309	0	34.924	212.510
OG0007316	0	292.036	892.122
OG0007319	0	57.639	273.476
OG0007327	0	186.570	576.278
OG0007328	0	63.865	266.812
OG0007334	0	68.948	287.176
OG0007335	0	32.649	174.700
OG0007339	0	130.397	416.715
OG0007340	0	91.958	307.772
OG0007341	0	113.516	434.320
OG0007342	0	110.676	354.208
OG0007344	0	52.296	221.465
OG0007347	0	37.765	209.721
OG0007349	0	58.992	275.775
OG0007352	0	102.279	384.346
OG0007353	0	89.155	295.297
OG0007357	0	112.953	403.061
OG0007358	0	91.451	334.082
OG0007365	0	92.332	347.475
OG0007372	0	66.774	279.299
OG0007375	0	70.015	300.399
OG0007376	0	49.763	229.813
OG0007377	0	113.428	420.002
OG0007381	0	29.851	193.487
OG0007382	0	92.617	375.534
OG0007384	0	79.430	324.601
OG0007387	0	110.987	392.423
OG0007388	0	122.875	467.695
OG0007389	0	60.525	258.933
OG0007396	0	164.025	507.718
OG0007397	0	84.406	301.401
OG0007402	0	36.732	183.445
OG0007403	0	132.911	425.619
OG0007404	0	79.778	372.875
OG0007407	0	72.926	282.504
OG0007415	0	83.471	308.821
OG0007416	0	71.511	323.717
OG0007430	0	37.304	199.632
OG0007433	0	208.664	709.270
OG0007441	0	88.282	326.134
OG0007442	0	38.395	193.315
OG0007445	0	74.127	317.958
OG0007449	0	163.608	466.530
OG0007450	0	84.015	375.159
OG0007452	0	126.672	435.319
OG0007457	0	128.121	419.088
OG0007458	0	108.544	368.995
OG0007460	0	44.949	218.116
OG0007464	0	71.378	301.566
OG0007465	0	57.401	237.112
OG0007467	0	32.865	185.076
OG0007476	0	21.675	121.138
OG0007478	0	70.206	327.475
OG0007483	0	42.336	224.440
OG0007485	0	108.612	466.442
OG0007487	0	55.538	237.425
OG0007491	0	33.912	182.801
OG0007494	0	154.403	432.207
OG0007496	0	157.272	479.590
OG0007497	0	105.641	397.957
OG0007498	0	42.625	199.054
OG0007503	0	52.195	269.504
OG0007507	0	62.605	265.943
OG0007508	0	137.485	460.671
OG0007509	0	74.957	292.443
OG0007513	0	51.802	229.632
OG0007514	0	91.277	380.334
OG0007515	0	101.495	434.262
OG0007518	0	46.049	246.399
OG0007526	0	204.729	690.062
OG0007528	0	48.533	228.453
OG0007529	0	97.662	348.514
OG0007530	0	51.312	238.807
OG0007531	0	60.456	280.926
OG0007533	0	157.353	640.280
OG0007534	0	165.482	551.931
OG0007536	0	123.426	441.027
OG0007537	0	92.178	322.837
OG0007538	0	79.506	328.571
OG0007539	0	53.568	248.635
OG0007542	0	116.409	373.933
OG0007545	0	370.659	1107.157
OG0007549	0	31.700	168.711
OG0007551	0	66.742	264.685
OG0007553	0	120.267	400.542
OG0007560	0	68.935	277.808
OG0007561	0	97.320	479.297
OG0007562	0	169.911	537.555
OG0007564	0	79.632	309.416
OG0007565	0	102.030	348.084
OG0007566	0	57.177	238.690
OG0007571	0	19.379	118.014
OG0007588	0	53.515	232.999
OG0007592	0	114.628	406.498
OG0007594	0	58.573	270.706
OG0007596	0	113.131	384.771
OG0007598	0	205.782	682.740
OG0007599	0	54.938	248.139
OG0007602	0	37.897	174.020
OG0007608	0	140.626	552.334
OG0007612	0	63.643	249.213
OG0007613	0	127.885	510.737
OG0007614	0	97.064	374.056
OG0007618	0	49.845	223.387
OG0007621	0	110.174	363.490
OG0007622	0	199.863	523.285
OG0007624	0	37.272	179.895
OG0007625	0	11.328	92.564
OG0007626	0	134.839	525.618
OG0007628	0	45.574	212.415
OG0007636	0	52.329	287.863
OG0007639	0	116.953	433.253
OG0007644	0	41.784	206.729
OG0007645	0	92.800	338.804
OG0007647	0	63.409	244.310
OG0007653	0	100.135	381.636
OG0007655	0	65.380	273.791
OG0007657	0	262.522	759.343
OG0007662	0	71.791	242.615
OG0007664	0	112.042	402.627
OG0007667	0	83.470	336.587
OG0007668	0	69.080	292.041
OG0007670	0	142.715	535.872
OG0007671	0	166.057	500.162
OG0007674	0	56.078	256.114
OG0007675	0	87.081	348.227
OG0007678	0	117.425	414.791
OG0007682	0	136.340	444.105
OG0007687	0	77.383	344.322
OG0007694	0	80.012	296.527
OG0007695	0	135.301	451.036
OG0007697	0	59.341	239.191
OG0007700	0	61.749	271.128
OG0007706	0	58.529	267.890
OG0007713	0	32.416	171.031
OG0007714	0	60.317	272.412
OG0007715	0	65.156	256.920
OG0007716	0	79.100	297.486
OG0007718	0	75.630	298.321
OG0007724	0	215.037	644.333
OG0007727	0	134.013	448.821
OG0007728	0	157.834	503.016
OG0007733	0	85.931	316.699
OG0007734	0	89.115	344.573
OG0007737	0	52.904	219.920
OG0007738	0	28.901	184.928
OG0007741	0	54.722	247.185
OG0007743	0	126.595	395.413
OG0007744	0	30.142	193.523
OG0007745	0	32.409	207.613
OG0007746	0	129.436	492.540
OG0007753	0	100.326	335.151
OG0007758	0	66.007	273.838
OG0007761	0	51.975	245.261
OG0007762	0	57.125	251.165
OG0007770	0	92.234	316.355
OG0007771	0	177.357	574.154
OG0007773	0	58.072	248.637
OG0007775	0	50.849	249.568
OG0007778	0	81.151	325.483
OG0007779	0	101.698	364.584
OG0007781	0	129.809	460.773
OG0007782	0	62.657	282.307
OG0007783	0	47.815	219.312
OG0007785	0	35.647	208.799
OG0007789	0	35.075	171.150
OG0007790	0	80.117	347.752
OG0007792	0	56.044	261.554
OG0007794	0	81.922	333.968
OG0007797	0	43.751	225.450
OG0007798	0	18.393	169.984
OG0007799	0	106.128	432.803
OG0007800	0	57.081	234.691
OG0007801	0	60.627	268.800
OG0007810	0	14.669	120.738
OG0007812	0	44.581	198.506
OG0007813	0	62.017	287.863
OG0007816	0	249.493	986.387
OG0007819	0	12.007	106.222
OG0007822	0	90.764	337.005
OG0007823	0	98.965	392.480
OG0007828	0	38.613	199.773
OG0007829	0	117.860	391.284
OG0007830	0	48.707	207.142
OG0007831	0	42.051	233.024
OG0007832	0	39.294	211.232
OG0007837	0	74.512	307.382
OG0007838	0	177.727	513.057
OG0007839	0	68.625	248.875
OG0007840	0	64.173	274.500
OG0007843	0	83.461	308.121
OG0007844	0	64.586	249.471
OG0007847	0	44.655	218.840
OG0007851	0	38.516	208.487
OG0007855	0	64.850	306.608
OG0007856	0	118.191	407.929
OG0007858	0	162.943	590.972
OG0007859	0	60.691	231.320
OG0007867	0	139.911	513.349
OG0007868	0	37.503	185.487
OG0007870	0	55.805	270.551
OG0007875	0	32.490	193.370
OG0007876	0	66.519	240.386
OG0007877	0	109.548	408.530
OG0007883	0	46.781	231.394
OG0007887	0	62.329	274.345
OG0007888	0	129.889	484.502
OG0007889	0	32.205	208.183
OG0007890	0	35.969	203.061
OG0007891	0	66.119	263.781
OG0007893	0	78.697	320.367
OG0007901	0	34.858	201.551
OG0007904	0	47.540	225.066
OG0007907	0	60.131	239.856
OG0007914	0	21.243	161.839
OG0007922	0	42.753	223.987
OG0007927	0	65.518	272.507
OG0007930	0	97.288	405.840
OG0007931	0	76.392	314.317
OG0007934	0	109.336	426.234
OG0007935	0	132.115	584.211
OG0007938	0	43.654	223.749
OG0007940	0	82.299	290.845
OG0007943	0	42.726	218.877
OG0007950	0	20.513	124.470
OG0007951	0	97.295	376.440
OG0007953	0	76.645	319.948
OG0007954	0	76.632	329.373
OG0007957	0	81.108	339.559
OG0007959	0	71.871	283.251
OG0007962	0	26.915	157.601
OG0007963	0	63.419	255.777
OG0007965	0	39.135	172.772
OG0007966	0	74.916	285.327
OG0007970	0	78.249	282.417
OG0007971	0	114.677	378.513
OG0007979	0	42.313	214.254
OG0007982	0	74.982	310.421
OG0007983	0	58.566	282.435
OG0007986	0	86.011	295.703
OG0007991	0	54.800	237.467
OG0007994	0	28.474	189.857
OG0007995	0	33.677	192.009
OG0007996	0	116.612	398.968
OG0007999	0	33.926	183.360
OG0008000	0	51.103	220.255
OG0008001	0	43.011	189.651
OG0008002	0	50.146	220.235
OG0008007	0	58.731	270.667
OG0008010	0	42.679	213.987
OG0008013	0	41.796	230.885
OG0008014	0	121.490	438.258
OG0008027	0	48.176	254.850
OG0008031	0	139.122	508.511
OG0008032	0	43.740	217.256
OG0008035	0	49.706	249.628
OG0008036	0	62.266	282.125
OG0008042	0	37.608	200.264
OG0008044	0	91.570	372.146
OG0008056	0	51.467	235.166
OG0008057	0	29.890	166.075
OG0008060	0	68.563	296.657
OG0008067	0	35.915	184.049
OG0008069	0	36.642	211.570
OG0008070	0	27.275	152.185
OG0008073	0	57.614	295.503
OG0008077	0	21.314	130.194
OG0008081	0	38.886	207.748
OG0008084	0	36.712	189.671
OG0008085	0	63.798	279.327
OG0008086	0	26.743	141.919
OG0008087	0	50.037	230.647
OG0008093	0	33.368	194.196
OG0008094	0	19.949	124.117
OG0008096	0	39.817	211.676
OG0008109	0	22.041	147.886
OG0008110	0	159.808	525.159
OG0008119	0	43.717	193.855
OG0008120	0	80.340	410.291
OG0008123	0	77.144	351.135
OG0008128	0	12.643	115.613
OG0008131	0	39.979	201.291
OG0008133	0	35.542	182.419
OG0008136	0	24.520	154.576
OG0008137	0	99.136	425.031
OG0008138	0	19.897	146.641
OG0008139	0	102.880	405.984
OG0008141	0	12.748	104.859
OG0008142	0	20.515	111.091
OG0008152	0	39.414	201.525
OG0008156	0	25.091	140.825
OG0008160	0	23.416	137.494
OG0008162	0	35.429	192.145
OG0008166	0	75.604	297.966
OG0008176	0	65.056	283.895
OG0008191	0	88.165	309.494
OG0008194	0	60.779	264.754
OG0008196	0	25.357	162.153
OG0008197	0	16.720	119.344
OG0008209	0	63.463	266.731
OG0008213	0	18.712	130.669
OG0008214	0	46.676	211.821
OG0008216	0	45.806	195.062
OG0008224	0	16.036	116.539
OG0008228	0	24.477	169.275
OG0008252	0	21.002	147.174
OG0008253	0	11.887	98.829
OG0008254	0	66.652	314.683
OG0008255	0	26.835	148.127
OG0008268	0	17.463	150.896
OG0008270	0	31.265	216.565
OG0008272	0	113.784	469.661
OG0008275	0	28.821	149.668
OG0008284	0	51.870	235.542
OG0008290	0	45.252	258.667
OG0008295	0	94.508	362.656
OG0008298	0	20.491	162.458
OG0008300	0	35.141	191.733
OG0008308	0	37.958	208.927
OG0008311	0	25.862	155.147
OG0008329	0	27.523	168.064
OG0008330	0	28.898	187.092
OG0008370	0	28.271	192.600
OG0008381	0	27.758	144.437
OG0008415	0	47.836	233.460
OG0008430	0	20.767	141.758
OG0008442	0	19.072	146.362
