OG0006092	0	143.553	413.481
OG0006162	0	130.555	463.142
OG0006267	0	157.167	554.068
OG0006399	0	129.880	337.701
OG0006447	0	152.599	433.607
OG0006492	0	163.295	565.601
OG0006553	0	125.903	413.971
OG0006561	0	110.533	356.565
OG0006622	0	209.607	471.766
OG0006762	0	154.728	446.910
OG0006820	0	125.992	420.476
OG0006848	0	79.932	295.311
OG0006887	0	143.847	430.152
OG0006901	0	88.407	321.418
OG0006924	0	92.078	314.550
OG0006927	0	293.462	773.284
OG0006932	0	112.179	376.816
OG0006954	0	253.616	729.570
OG0006958	0	86.440	348.711
OG0006977	0	67.472	278.835
OG0007003	0	133.296	495.726
OG0007029	0	201.652	567.854
OG0007032	0	91.939	348.612
OG0007042	0	65.218	276.735
OG0007085	0	118.530	368.773
OG0007110	0	143.774	451.097
OG0007117	0	43.650	204.914
OG0007119	0	352.771	1047.607
OG0007137	0	135.919	447.979
OG0007145	0	114.760	431.475
OG0007151	0	163.201	477.121
OG0007186	0	249.548	983.972
OG0007223	0	99.464	346.812
OG0007224	0	76.864	371.775
OG0007237	0	76.198	277.947
OG0007268	0	213.081	573.201
OG0007272	0	208.665	616.690
OG0007290	0	69.241	300.277
OG0007324	0	285.158	797.193
OG0007325	0	89.553	337.100
OG0007344	0	160.988	504.547
OG0007399	0	163.003	525.692
OG0007408	0	106.192	356.104
OG0007441	0	59.792	271.637
OG0007448	0	104.264	358.756
OG0007456	0	216.591	615.882
OG0007464	0	137.660	428.723
OG0007484	0	69.488	256.586
OG0007485	0	81.658	336.496
OG0007495	0	88.274	361.882
OG0007497	0	52.053	224.347
OG0007503	0	110.528	359.737
OG0007513	0	53.773	244.952
OG0007517	0	202.037	746.888
OG0007524	0	70.016	327.550
OG0007525	0	92.284	378.181
OG0007526	0	380.860	1149.027
OG0007542	0	48.082	194.541
OG0007544	0	139.651	499.922
OG0007550	0	225.481	685.384
OG0007619	0	47.300	238.966
OG0007632	0	142.129	454.654
OG0007635	0	164.763	455.523
OG0007652	0	139.238	507.863
OG0007659	0	69.808	310.889
OG0007689	0	30.615	157.982
OG0007693	0	87.577	379.720
OG0007694	0	71.352	309.021
OG0007730	0	171.503	497.715
OG0007736	0	98.532	372.587
OG0007738	0	103.929	438.535
OG0007740	0	126.712	459.877
OG0007744	0	118.415	438.407
OG0007774	0	198.256	626.431
OG0007790	0	194.587	571.703
OG0007792	0	54.609	233.773
OG0007804	0	117.035	386.704
OG0007806	0	58.104	234.377
OG0007813	0	63.344	294.443
OG0007826	0	52.541	222.607
OG0007833	0	66.475	276.274
OG0007839	0	93.173	337.892
OG0007855	0	154.082	529.752
OG0007862	0	290.255	896.801
OG0007863	0	245.283	665.275
OG0007875	0	69.420	268.982
OG0007877	0	85.778	338.878
OG0007879	0	69.355	302.954
OG0007883	0	91.484	305.719
OG0007889	0	35.815	207.580
OG0007923	0	69.054	322.589
OG0007924	0	44.824	200.303
OG0007927	0	53.574	226.934
OG0007932	0	110.881	462.731
OG0007933	0	48.532	225.556
OG0007937	0	127.590	425.722
OG0007939	0	140.824	456.228
OG0007943	0	212.268	584.312
OG0007946	0	80.715	317.999
OG0007950	0	193.105	644.300
OG0007953	0	58.323	257.202
OG0007956	0	91.399	355.235
OG0007958	0	57.800	267.924
OG0007973	0	97.531	352.256
OG0007979	0	55.159	193.040
OG0007981	0	21.201	119.780
OG0007987	0	97.500	380.935
OG0008001	0	39.304	199.759
OG0008002	0	95.300	341.182
OG0008003	0	103.484	412.348
OG0008017	0	150.693	456.132
OG0008027	0	62.921	288.796
OG0008028	0	126.011	418.817
OG0008030	0	52.125	243.572
OG0008050	0	85.125	359.811
OG0008051	0	82.788	336.389
OG0008066	0	44.909	221.874
OG0008067	0	75.901	311.717
OG0008068	0	102.193	387.940
OG0008084	0	57.056	230.141
OG0008087	0	125.819	402.393
OG0008089	0	100.002	458.485
OG0008093	0	82.996	305.149
OG0008103	0	97.333	405.584
OG0008105	0	36.617	200.178
OG0008106	0	74.837	283.957
OG0008107	0	203.248	691.467
OG0008108	0	43.871	230.775
OG0008112	0	54.988	249.994
OG0008120	0	70.235	294.153
OG0008125	0	59.927	249.104
OG0008126	0	72.794	331.673
OG0008128	0	113.490	408.407
OG0008133	0	68.106	288.346
OG0008136	0	109.731	370.677
OG0008138	0	127.835	422.341
OG0008142	0	95.895	399.651
OG0008143	0	127.320	429.876
OG0008148	0	31.505	169.581
OG0008150	0	131.699	430.765
OG0008151	0	77.006	296.352
OG0008152	0	118.379	444.055
OG0008154	0	79.060	347.024
OG0008165	0	214.686	615.872
OG0008167	0	65.184	250.550
OG0008168	0	32.635	214.401
OG0008180	0	156.636	509.186
OG0008187	0	37.369	181.840
OG0008188	0	55.291	232.395
OG0008191	0	136.575	540.567
OG0008192	0	29.863	186.469
OG0008197	0	98.674	390.000
OG0008200	0	58.595	269.792
OG0008205	0	159.897	506.937
OG0008210	0	100.699	339.432
OG0008217	0	170.018	533.023
OG0008218	0	97.428	342.774
OG0008220	0	42.363	208.653
OG0008221	0	65.568	255.244
OG0008223	0	31.325	183.244
OG0008225	0	88.793	378.137
OG0008226	0	85.772	363.366
OG0008227	0	135.630	436.070
OG0008232	0	45.254	247.537
OG0008240	0	51.628	241.073
OG0008243	0	96.284	339.878
OG0008260	0	53.325	248.750
OG0008261	0	38.788	172.170
OG0008278	0	59.478	279.294
OG0008279	0	43.606	222.588
OG0008280	0	25.048	175.406
OG0008308	0	46.226	201.682
OG0008310	0	92.651	362.135
OG0008311	0	65.240	277.144
OG0008314	0	67.406	315.932
OG0008317	0	60.789	282.124
OG0008318	0	51.450	230.496
OG0008328	0	79.306	315.457
OG0008334	0	42.123	194.606
OG0008335	0	116.737	343.244
OG0008336	0	46.171	213.482
OG0008337	0	68.883	294.096
OG0008342	0	123.662	408.116
OG0008344	0	139.602	496.867
OG0008345	0	54.611	258.674
OG0008350	0	141.066	518.610
OG0008354	0	190.752	611.774
OG0008355	0	57.968	259.278
OG0008363	0	55.520	235.942
OG0008364	0	224.360	600.087
OG0008366	0	32.308	162.920
OG0008374	0	14.597	123.047
OG0008377	0	17.029	121.657
OG0008388	0	11.788	110.475
OG0008392	0	35.218	199.063
OG0008393	0	43.213	198.558
OG0008394	0	30.748	156.702
OG0008395	0	114.958	408.436
OG0008399	0	37.219	194.116
OG0008403	0	71.380	284.160
OG0008404	0	80.081	296.861
OG0008408	0	32.518	178.175
OG0008414	0	64.390	274.474
OG0008421	0	132.392	449.850
OG0008425	0	210.790	730.774
OG0008427	0	85.262	320.666
OG0008430	0	62.892	288.198
OG0008433	0	57.723	254.141
OG0008435	0	49.273	224.512
OG0008440	0	85.022	373.760
OG0008444	0	58.353	231.566
OG0008445	0	67.300	309.314
OG0008446	0	43.133	208.552
OG0008450	0	53.065	235.438
OG0008452	0	52.645	240.819
OG0008458	0	39.758	204.338
OG0008461	0	176.188	508.295
OG0008462	0	109.445	400.342
OG0008476	0	174.593	572.527
OG0008485	0	74.922	283.247
OG0008487	0	63.675	282.442
OG0008492	0	155.387	581.342
OG0008495	0	30.119	196.426
OG0008498	0	88.714	354.755
OG0008502	0	50.510	272.525
OG0008510	0	207.390	681.908
OG0008514	0	56.800	232.805
OG0008515	0	52.574	222.052
OG0008518	0	52.731	249.141
OG0008526	0	85.295	308.221
OG0008533	0	62.093	272.201
OG0008538	0	80.492	326.979
OG0008539	0	120.204	401.826
OG0008541	0	56.008	216.107
OG0008546	0	127.661	478.475
OG0008554	0	114.290	383.727
OG0008555	0	41.009	213.129
OG0008560	0	41.322	233.892
OG0008561	0	69.198	279.610
OG0008562	0	58.591	223.451
OG0008564	0	75.003	308.955
OG0008565	0	19.013	120.704
OG0008569	0	21.092	132.364
OG0008576	0	46.434	232.926
OG0008578	0	22.412	167.145
OG0008584	0	130.793	493.291
OG0008587	0	36.288	206.311
OG0008588	0	70.579	282.882
OG0008590	0	45.099	219.410
OG0008591	0	26.927	157.201
OG0008597	0	32.703	210.479
OG0008603	0	47.923	208.923
OG0008607	0	18.766	165.689
OG0008610	0	48.200	226.887
OG0008619	0	98.317	376.325
OG0008627	0	104.588	417.847
OG0008632	0	195.507	622.422
OG0008634	0	13.061	98.901
OG0008638	0	115.827	479.825
OG0008640	0	77.975	315.255
OG0008649	0	125.366	397.976
OG0008653	0	73.555	312.171
OG0008654	0	67.959	246.027
OG0008656	0	14.412	108.723
OG0008659	0	293.999	833.367
OG0008661	0	29.970	164.835
OG0008667	0	31.297	208.150
OG0008668	0	156.258	534.720
OG0008672	0	61.602	248.305
OG0008675	0	28.809	154.331
OG0008677	0	27.035	151.844
OG0008679	0	55.458	265.432
OG0008680	0	124.897	505.861
OG0008683	0	119.222	491.907
OG0008684	0	98.327	358.612
OG0008687	0	108.468	438.448
OG0008697	0	90.636	376.885
OG0008700	0	67.307	240.855
OG0008714	0	20.464	125.295
OG0008717	0	40.052	203.239
OG0008718	0	37.139	191.680
OG0008719	0	66.121	282.641
OG0008720	0	43.453	201.717
OG0008724	0	41.658	216.605
OG0008727	0	85.936	340.398
OG0008728	0	34.898	182.726
OG0008729	0	49.274	226.925
OG0008735	0	76.689	317.590
OG0008739	0	57.479	262.560
OG0008740	0	50.142	232.594
OG0008741	0	82.743	298.680
OG0008743	0	58.712	252.829
OG0008744	0	31.695	191.674
OG0008747	0	151.611	577.531
OG0008762	0	39.742	219.307
OG0008763	0	27.331	189.470
OG0008765	0	91.622	339.362
OG0008767	0	26.086	182.718
OG0008772	0	125.064	549.104
OG0008774	0	81.119	331.120
OG0008775	0	42.456	212.349
OG0008776	0	52.611	221.337
OG0008777	0	78.611	368.331
OG0008783	0	40.677	231.111
OG0008802	0	80.702	335.136
OG0008805	0	63.190	303.320
OG0008807	0	63.752	269.983
OG0008815	0	41.397	208.578
OG0008816	0	44.357	194.855
OG0008819	0	18.068	123.470
OG0008821	0	59.778	285.146
OG0008826	0	57.888	252.887
OG0008831	0	35.877	227.454
OG0008833	0	67.579	295.031
OG0008840	0	27.248	147.074
OG0008841	0	35.247	179.400
OG0008843	0	35.316	205.576
OG0008844	0	30.357	173.863
OG0008847	0	19.325	146.242
OG0008853	0	101.974	400.019
OG0008854	0	53.458	239.069
OG0008856	0	22.381	135.770
OG0008857	0	13.416	109.833
OG0008858	0	20.192	109.239
OG0008860	0	38.572	207.306
OG0008870	0	53.474	269.282
OG0008871	0	45.910	198.145
OG0008883	0	39.361	200.573
OG0008887	0	29.223	150.028
OG0008891	0	79.163	405.798
OG0008897	0	32.251	182.529
OG0008906	0	20.097	135.460
OG0008922	0	63.912	267.977
OG0008925	0	16.771	121.623
OG0008929	0	48.387	233.814
OG0008930	0	24.910	141.531
OG0008931	0	65.534	291.287
OG0008947	0	42.293	247.017
OG0008950	0	35.644	201.375
OG0008954	0	63.262	284.234
OG0008959	0	24.735	171.089
OG0008963	0	39.270	232.725
OG0008969	0	11.977	113.162
OG0008982	0	27.666	170.520
OG0008992	0	11.880	98.202
OG0008999	0	24.913	162.586
OG0009012	0	49.552	250.189
OG0009028	0	21.166	165.808
OG0009038	0	19.092	144.311
OG0009041	0	18.899	154.409
OG0009044	0	66.876	307.133
OG0009061	0	132.565	479.196
OG0009062	0	31.962	219.506
OG0009063	0	26.183	157.453
OG0009067	0	35.139	192.165
OG0009077	0	90.623	349.766
OG0009079	0	35.534	195.326
OG0009081	0	30.947	191.402
OG0009092	0	26.157	168.572
OG0009099	0	20.300	129.600
OG0009164	0	28.446	195.938
OG0009175	0	20.634	145.700
OG0009206	0	19.794	148.093
