OG0006136	0	125.117	413.005
OG0006360	0	147.646	403.510
OG0006595	0	209.375	648.194
OG0006809	0	157.988	564.424
OG0006811	0	131.766	474.436
OG0006837	0	206.090	572.257
OG0006867	0	96.001	356.678
OG0007142	0	63.496	280.222
OG0007149	0	63.656	257.103
OG0007188	0	130.829	478.712
OG0007196	0	175.206	603.020
OG0007199	0	89.572	387.685
OG0007215	0	229.197	627.111
OG0007219	0	148.614	490.560
OG0007262	0	140.433	424.084
OG0007273	0	44.805	215.161
OG0007302	0	220.163	651.018
OG0007386	0	164.368	514.706
OG0007444	0	197.885	607.985
OG0007450	0	152.675	454.576
OG0007457	0	104.726	356.158
OG0007496	0	118.389	387.060
OG0007533	0	115.709	433.402
OG0007578	0	108.074	363.104
OG0007580	0	187.087	550.206
OG0007590	0	81.038	296.031
OG0007599	0	89.343	318.761
OG0007611	0	55.767	248.156
OG0007621	0	88.778	347.541
OG0007622	0	116.058	389.105
OG0007643	0	105.717	329.169
OG0007661	0	120.614	427.044
OG0007704	0	287.472	753.152
OG0007735	0	85.691	328.929
OG0007738	0	137.331	454.967
OG0007768	0	85.832	306.970
OG0007769	0	81.006	283.755
OG0007810	0	119.819	445.782
OG0007814	0	125.979	448.464
OG0007842	0	277.399	732.683
OG0007897	0	47.215	241.141
OG0007898	0	157.104	437.945
OG0007899	0	40.954	205.611
OG0007922	0	147.298	477.306
OG0007941	0	86.928	361.735
OG0007947	0	75.365	282.176
OG0007952	0	97.518	360.393
OG0007976	0	59.369	269.979
OG0007988	0	127.669	405.474
OG0007991	0	413.791	1189.502
OG0008000	0	141.710	535.177
OG0008017	0	66.012	260.982
OG0008020	0	90.253	370.341
OG0008033	0	121.832	382.299
OG0008034	0	78.033	307.948
OG0008044	0	106.126	409.350
OG0008046	0	130.814	445.888
OG0008051	0	37.463	175.478
OG0008062	0	107.317	365.515
OG0008070	0	83.003	341.392
OG0008072	0	144.597	502.053
OG0008076	0	54.219	254.140
OG0008093	0	271.630	982.079
OG0008100	0	94.839	372.993
OG0008101	0	77.254	333.456
OG0008119	0	125.335	470.555
OG0008123	0	284.700	781.111
OG0008125	0	79.393	309.704
OG0008129	0	127.358	438.419
OG0008132	0	122.741	441.792
OG0008149	0	104.319	398.717
OG0008156	0	289.783	890.300
OG0008165	0	84.511	340.478
OG0008180	0	156.383	509.869
OG0008187	0	114.911	368.008
OG0008188	0	86.664	288.747
OG0008189	0	76.086	350.135
OG0008193	0	53.506	225.043
OG0008194	0	87.547	347.401
OG0008199	0	96.262	340.050
OG0008239	0	33.475	177.578
OG0008240	0	53.560	253.571
OG0008243	0	58.181	255.773
OG0008261	0	67.004	310.456
OG0008264	0	146.063	453.725
OG0008269	0	55.766	239.244
OG0008272	0	63.892	271.803
OG0008276	0	76.367	321.126
OG0008279	0	49.393	224.983
OG0008286	0	74.071	278.556
OG0008287	0	99.812	393.430
OG0008289	0	47.853	212.725
OG0008296	0	53.339	243.611
OG0008303	0	122.226	391.413
OG0008304	0	217.250	698.509
OG0008306	0	103.857	375.265
OG0008312	0	44.439	220.752
OG0008321	0	140.586	435.975
OG0008326	0	79.299	291.535
OG0008327	0	42.269	212.496
OG0008331	0	133.998	528.133
OG0008339	0	113.512	375.076
OG0008343	0	173.905	504.056
OG0008348	0	25.901	156.230
OG0008349	0	109.697	365.478
OG0008358	0	59.883	264.858
OG0008364	0	78.745	361.393
OG0008366	0	259.100	768.437
OG0008395	0	87.163	249.610
OG0008398	0	94.301	380.004
OG0008403	0	134.322	493.759
OG0008417	0	34.834	192.764
OG0008422	0	84.669	364.873
OG0008429	0	35.543	192.246
OG0008435	0	129.885	417.324
OG0008436	0	92.831	303.034
OG0008437	0	62.835	302.414
OG0008439	0	84.814	326.419
OG0008440	0	128.921	456.070
OG0008448	0	151.192	477.901
OG0008457	0	42.173	208.756
OG0008466	0	134.560	424.019
OG0008469	0	60.790	281.967
OG0008471	0	64.309	312.539
OG0008478	0	94.413	335.287
OG0008481	0	165.261	594.717
OG0008486	0	131.667	412.417
OG0008487	0	52.456	206.610
OG0008505	0	134.260	478.635
OG0008506	0	69.984	260.990
OG0008508	0	103.599	356.749
OG0008511	0	386.978	1219.443
OG0008515	0	157.015	493.778
OG0008520	0	144.238	431.439
OG0008544	0	89.357	348.248
OG0008548	0	36.212	180.545
OG0008555	0	130.655	436.351
OG0008557	0	50.239	233.248
OG0008562	0	154.027	560.958
OG0008563	0	66.931	284.268
OG0008564	0	158.012	496.107
OG0008566	0	202.725	607.716
OG0008572	0	163.877	468.017
OG0008577	0	140.532	500.504
OG0008578	0	104.753	375.261
OG0008586	0	77.731	287.107
OG0008589	0	77.393	312.329
OG0008593	0	200.720	752.455
OG0008596	0	175.418	515.447
OG0008611	0	134.980	503.148
OG0008612	0	65.076	273.138
OG0008614	0	37.944	184.714
OG0008617	0	33.150	194.956
OG0008618	0	135.177	508.501
OG0008619	0	132.972	461.759
OG0008628	0	105.159	389.725
OG0008632	0	38.670	205.160
OG0008636	0	62.228	292.501
OG0008646	0	36.995	210.580
OG0008650	0	55.334	241.038
OG0008653	0	59.187	244.389
OG0008654	0	68.763	262.443
OG0008666	0	29.904	189.102
OG0008669	0	111.362	334.929
OG0008674	0	28.522	226.004
OG0008675	0	101.101	324.468
OG0008682	0	53.362	220.602
OG0008684	0	80.089	319.621
OG0008696	0	108.314	494.698
OG0008701	0	105.645	398.671
OG0008702	0	42.392	218.482
OG0008708	0	106.158	383.236
OG0008712	0	114.335	407.909
OG0008714	0	74.876	363.600
OG0008715	0	34.759	181.861
OG0008716	0	179.484	516.431
OG0008721	0	160.485	425.814
OG0008723	0	96.410	395.440
OG0008724	0	84.552	341.770
OG0008725	0	232.768	710.891
OG0008726	0	66.863	295.559
OG0008727	0	56.747	295.689
OG0008729	0	342.716	840.247
OG0008733	0	63.678	254.302
OG0008735	0	134.459	421.093
OG0008736	0	77.205	381.892
OG0008737	0	99.383	448.336
OG0008740	0	44.044	216.134
OG0008741	0	82.023	308.406
OG0008742	0	55.877	218.854
OG0008747	0	115.927	440.901
OG0008750	0	126.289	452.416
OG0008752	0	213.406	682.612
OG0008753	0	74.957	316.334
OG0008754	0	16.935	137.228
OG0008755	0	39.491	175.194
OG0008756	0	60.281	281.189
OG0008765	0	142.864	503.134
OG0008768	0	45.013	227.042
OG0008770	0	83.282	376.616
OG0008774	0	111.885	369.017
OG0008779	0	226.267	581.220
OG0008780	0	58.058	303.510
OG0008795	0	174.527	477.117
OG0008798	0	116.672	396.196
OG0008804	0	40.555	202.624
OG0008809	0	118.845	329.469
OG0008810	0	14.217	110.329
OG0008813	0	146.206	535.706
OG0008814	0	96.564	329.978
OG0008816	0	149.340	441.553
OG0008819	0	170.988	560.125
OG0008821	0	135.034	374.885
OG0008824	0	99.574	418.318
OG0008826	0	81.958	331.498
OG0008831	0	65.698	267.378
OG0008839	0	58.305	239.292
OG0008842	0	262.340	744.203
OG0008843	0	68.372	311.781
OG0008849	0	45.899	202.771
OG0008851	0	112.968	429.978
OG0008852	0	86.149	365.472
OG0008856	0	23.759	180.815
OG0008859	0	63.959	280.149
OG0008861	0	72.586	313.180
OG0008873	0	61.506	268.663
OG0008877	0	67.937	299.624
OG0008894	0	103.988	340.031
OG0008895	0	93.755	360.628
OG0008896	0	113.725	535.936
OG0008899	0	156.780	568.301
OG0008902	0	122.966	447.243
OG0008905	0	118.108	412.917
OG0008908	0	122.133	407.580
OG0008918	0	43.368	199.947
OG0008923	0	124.359	494.214
OG0008927	0	105.494	340.756
OG0008930	0	116.100	411.526
OG0008931	0	75.380	352.684
OG0008932	0	25.114	151.216
OG0008933	0	161.997	496.109
OG0008934	0	123.188	376.824
OG0008939	0	117.870	391.423
OG0008941	0	160.632	487.353
OG0008942	0	49.198	217.167
OG0008945	0	93.492	403.002
OG0008951	0	209.853	742.825
OG0008952	0	107.270	470.959
OG0008953	0	161.287	537.180
OG0008957	0	138.084	449.407
OG0008958	0	88.814	322.475
OG0008961	0	118.824	425.639
OG0008962	0	109.988	456.772
OG0008964	0	98.464	414.990
OG0008969	0	11.523	103.458
OG0008971	0	103.629	380.547
OG0008972	0	230.666	631.853
OG0008974	0	19.331	173.952
OG0008976	0	45.279	256.438
OG0008982	0	44.557	225.271
OG0008984	0	60.447	267.069
OG0008986	0	77.434	305.795
OG0008987	0	63.967	283.969
OG0008988	0	65.393	286.748
OG0008991	0	80.355	303.969
OG0008992	0	69.307	320.124
OG0008995	0	34.860	190.261
OG0008999	0	175.097	507.554
OG0009010	0	120.805	444.293
OG0009011	0	29.134	195.380
OG0009014	0	68.326	286.553
OG0009018	0	45.060	218.686
OG0009022	0	73.273	331.971
OG0009023	0	162.612	654.227
OG0009028	0	93.731	397.778
OG0009029	0	78.028	340.198
OG0009032	0	42.644	203.673
OG0009034	0	49.765	235.236
OG0009038	0	52.649	283.236
OG0009045	0	134.938	538.202
OG0009049	0	54.645	243.825
OG0009053	0	22.146	132.741
OG0009066	0	81.491	318.910
OG0009067	0	38.383	207.560
OG0009068	0	85.989	395.030
OG0009071	0	63.913	289.763
OG0009073	0	81.234	312.014
OG0009075	0	167.689	518.104
OG0009077	0	27.688	164.142
OG0009078	0	58.887	264.288
OG0009079	0	175.127	554.338
OG0009081	0	73.905	348.650
OG0009082	0	113.484	365.907
OG0009086	0	71.673	300.415
OG0009087	0	58.926	270.748
OG0009088	0	238.899	732.498
OG0009090	0	77.922	322.108
OG0009092	0	39.528	207.771
OG0009096	0	110.200	354.663
OG0009099	0	94.367	382.539
OG0009100	0	36.861	194.087
OG0009101	0	120.377	406.078
OG0009102	0	63.561	280.543
OG0009105	0	15.002	123.226
OG0009107	0	75.311	288.302
OG0009108	0	147.570	458.052
OG0009110	0	125.329	456.609
OG0009111	0	101.235	381.369
OG0009114	0	91.810	388.766
OG0009128	0	66.753	265.312
OG0009130	0	68.203	305.845
OG0009141	0	20.074	127.101
OG0009150	0	27.105	157.523
OG0009153	0	98.806	390.203
OG0009157	0	92.933	321.019
OG0009159	0	81.827	260.580
OG0009166	0	100.306	385.347
OG0009169	0	24.627	135.104
OG0009172	0	112.485	386.405
OG0009174	0	80.018	315.653
OG0009180	0	113.581	537.177
OG0009187	0	225.712	652.565
OG0009188	0	103.740	359.345
OG0009190	0	78.264	321.114
OG0009207	0	87.318	330.591
OG0009213	0	41.544	237.241
OG0009214	0	39.741	219.369
OG0009216	0	74.756	285.396
OG0009217	0	52.557	224.119
OG0009219	0	94.740	316.926
OG0009221	0	47.180	233.842
OG0009222	0	56.644	250.121
OG0009223	0	120.443	379.265
OG0009226	0	59.215	255.473
OG0009229	0	92.785	370.538
OG0009230	0	207.229	639.116
OG0009232	0	42.545	215.568
OG0009234	0	55.499	275.378
OG0009238	0	66.254	288.710
OG0009243	0	44.460	242.008
OG0009245	0	14.404	134.553
OG0009246	0	25.568	183.822
OG0009249	0	157.334	507.464
OG0009250	0	128.516	435.035
OG0009254	0	88.197	432.379
OG0009256	0	39.295	222.871
OG0009257	0	58.516	265.094
OG0009261	0	80.271	331.994
OG0009262	0	100.080	394.887
OG0009263	0	122.198	488.048
OG0009268	0	58.503	374.499
OG0009269	0	85.784	323.843
OG0009280	0	55.577	278.221
OG0009281	0	89.375	312.219
OG0009290	0	35.246	192.650
OG0009293	0	81.835	318.986
OG0009300	0	75.408	294.225
OG0009304	0	20.052	113.200
OG0009306	0	67.353	285.478
OG0009308	0	113.114	480.214
OG0009309	0	81.099	419.427
OG0009310	0	136.782	477.238
OG0009313	0	138.395	593.691
OG0009314	0	51.856	239.827
OG0009316	0	80.904	354.935
OG0009317	0	63.289	273.597
OG0009318	0	104.911	482.571
OG0009320	0	117.426	439.127
OG0009332	0	11.879	96.211
OG0009334	0	118.492	440.729
OG0009335	0	49.324	228.166
OG0009336	0	163.241	652.302
OG0009337	0	134.666	454.077
OG0009349	0	53.894	192.158
OG0009350	0	20.046	125.542
OG0009351	0	135.282	470.288
OG0009352	0	30.807	167.258
OG0009362	0	65.604	248.133
OG0009363	0	175.203	563.151
OG0009372	0	103.844	408.131
OG0009376	0	62.603	285.845
OG0009379	0	67.971	251.131
OG0009382	0	123.438	432.700
OG0009385	0	55.011	227.624
OG0009387	0	73.434	313.790
OG0009388	0	137.661	446.436
OG0009391	0	33.240	163.922
OG0009392	0	136.146	543.848
OG0009394	0	55.321	275.280
OG0009395	0	35.536	240.279
OG0009399	0	52.495	219.563
OG0009403	0	142.395	448.554
OG0009424	0	34.201	214.872
OG0009427	0	196.066	607.855
OG0009433	0	44.538	197.246
OG0009435	0	18.598	148.957
OG0009438	0	50.125	232.562
OG0009445	0	52.618	222.041
OG0009447	0	44.926	223.007
OG0009450	0	127.379	432.979
OG0009454	0	124.698	415.722
OG0009457	0	32.068	206.674
OG0009459	0	22.370	168.567
OG0009466	0	23.749	156.038
OG0009468	0	77.221	360.807
OG0009470	0	80.445	344.196
OG0009472	0	33.399	217.128
OG0009475	0	67.037	245.459
OG0009476	0	88.489	349.702
OG0009481	0	97.544	443.722
OG0009485	0	69.282	348.499
OG0009487	0	73.282	328.053
OG0009488	0	86.429	349.837
OG0009490	0	47.659	204.857
OG0009493	0	58.888	242.261
OG0009494	0	173.979	533.951
OG0009495	0	130.719	494.929
OG0009497	0	30.833	177.840
OG0009501	0	61.305	251.195
OG0009504	0	34.557	186.894
OG0009505	0	60.714	276.732
OG0009507	0	41.068	222.021
OG0009508	0	12.166	107.659
OG0009515	0	24.891	137.692
OG0009522	0	164.411	572.790
OG0009526	0	74.904	306.433
OG0009527	0	26.526	193.326
OG0009529	0	56.465	257.516
OG0009530	0	52.291	274.021
OG0009532	0	72.803	315.526
OG0009535	0	140.586	489.638
OG0009539	0	86.531	321.842
OG0009544	0	38.465	238.485
OG0009547	0	18.737	137.842
OG0009548	0	37.336	206.926
OG0009550	0	38.321	238.223
OG0009551	0	19.044	154.062
OG0009555	0	62.225	240.981
OG0009557	0	67.392	286.497
OG0009562	0	50.067	258.619
OG0009565	0	125.640	504.208
OG0009566	0	32.542	190.231
OG0009569	0	67.524	279.322
OG0009571	0	49.537	228.176
OG0009572	0	65.603	285.814
OG0009573	0	87.569	353.463
OG0009575	0	26.282	141.031
OG0009577	0	54.031	287.961
OG0009578	0	35.366	209.443
OG0009579	0	43.031	206.848
OG0009590	0	19.903	133.882
OG0009591	0	65.141	269.440
OG0009593	0	31.327	198.954
OG0009598	0	51.483	248.535
OG0009599	0	63.392	253.581
OG0009604	0	26.917	169.481
OG0009607	0	51.706	241.741
OG0009608	0	102.426	367.024
OG0009610	0	42.089	202.226
OG0009612	0	25.657	151.943
OG0009613	0	19.095	158.382
OG0009616	0	34.704	203.502
OG0009618	0	39.208	209.306
OG0009622	0	28.797	176.726
OG0009623	0	65.138	265.390
OG0009625	0	199.866	785.637
OG0009626	0	130.380	480.128
OG0009628	0	66.620	354.713
OG0009635	0	34.634	192.677
OG0009641	0	70.395	322.367
OG0009647	0	30.941	223.761
OG0009650	0	109.551	450.638
OG0009652	0	47.608	235.943
OG0009656	0	73.119	313.047
OG0009657	0	12.101	117.700
OG0009658	0	107.135	403.284
OG0009660	0	46.458	269.554
OG0009673	0	24.319	163.120
OG0009680	0	28.282	152.365
OG0009684	0	27.070	174.801
OG0009701	0	22.385	175.121
OG0009704	0	19.938	126.582
OG0009707	0	32.750	202.199
OG0009708	0	12.143	98.520
OG0009711	0	266.769	722.081
OG0009713	0	39.189	222.841
OG0009714	0	26.664	162.471
OG0009719	0	99.910	383.805
OG0009728	0	42.017	197.292
OG0009748	0	35.729	197.128
OG0009749	0	71.107	310.951
OG0009751	0	20.591	158.055
OG0009766	0	18.453	163.177
OG0009773	0	74.902	431.213
OG0009775	0	17.200	116.579
OG0009784	0	30.873	189.082
OG0009793	0	145.494	520.792
OG0009808	0	18.818	129.845
OG0009812	0	29.948	198.089
OG0009845	0	21.292	152.381
OG0009849	0	26.519	195.615
OG0009867	0	21.552	141.129
OG0009887	0	14.568	116.541
OG0009926	0	18.814	149.906
