OG0002869	0	130.075	350.679
OG0003501	0	237.421	759.061
OG0003688	0	180.171	592.172
OG0004032	0	144.484	523.735
OG0004179	0	96.117	328.824
OG0004219	0	133.296	447.945
OG0004327	0	422.245	1055.521
OG0004361	0	823.483	1902.456
OG0004386	0	93.892	383.065
OG0004537	0	62.741	276.665
OG0004554	0	120.689	365.289
OG0004584	0	345.849	976.249
OG0004677	0	371.767	1012.489
OG0004745	0	24.625	142.022
OG0004767	0	184.629	552.947
OG0004884	0	58.815	248.148
OG0004941	0	189.658	537.603
OG0004963	0	122.345	484.078
OG0004978	0	108.725	364.938
OG0005047	0	20.985	212.891
OG0005048	0	81.184	437.011
OG0005089	0	57.118	251.958
OG0005106	0	57.804	268.049
OG0005154	0	309.841	811.832
OG0005160	0	123.776	440.670
OG0005180	0	43.101	220.767
OG0005202	0	112.904	673.250
OG0005364	0	56.839	293.018
OG0005365	0	37.293	185.924
OG0005384	0	79.699	341.855
OG0005422	0	342.886	1040.349
OG0005434	0	79.095	306.668
OG0005459	0	242.205	900.342
OG0005482	0	35.554	206.874
OG0005499	0	21.861	127.583
OG0005517	0	55.047	267.533
OG0005531	0	107.247	434.495
OG0005558	0	90.250	535.932
OG0005577	0	79.403	388.525
OG0005585	0	229.546	679.878
OG0005628	0	37.319	217.586
OG0005632	0	95.681	383.372
OG0005637	0	64.716	467.739
OG0005638	0	35.970	200.977
OG0005664	0	57.742	277.561
OG0005669	0	140.461	515.191
OG0005694	0	78.233	320.742
OG0005704	0	84.405	329.738
OG0005720	0	71.988	353.866
OG0005727	0	13.135	142.371
OG0005731	0	55.250	273.417
OG0005758	0	129.182	371.737
OG0005801	0	67.482	297.839
OG0005840	0	105.945	404.301
OG0005842	0	115.827	550.620
OG0005869	0	75.014	383.860
OG0005878	0	119.403	399.607
OG0005880	0	84.673	345.481
OG0005891	0	37.932	209.022
OG0005894	0	57.365	380.172
OG0005895	0	80.823	360.950
OG0005930	0	412.782	913.245
OG0005954	0	72.868	283.661
OG0005972	0	119.530	477.152
OG0005992	0	102.530	517.809
OG0005993	0	50.160	248.924
OG0005997	0	39.592	241.158
OG0006003	0	48.085	260.043
OG0006004	0	68.534	337.505
OG0006030	0	59.307	338.505
OG0006039	0	118.953	318.371
OG0006040	0	88.779	343.445
OG0006060	0	56.484	297.178
OG0006077	0	100.375	476.773
OG0006078	0	254.059	806.075
OG0006088	0	78.893	304.299
OG0006093	0	137.463	632.000
OG0006097	0	117.332	588.361
OG0006099	0	75.471	333.807
OG0006114	0	105.396	486.185
OG0006132	0	152.183	588.063
OG0006151	0	74.789	312.123
OG0006162	0	44.281	258.802
OG0006205	0	72.746	357.679
OG0006216	0	82.904	428.080
OG0006218	0	47.739	250.552
OG0006221	0	51.266	245.842
OG0006258	0	35.007	229.798
OG0006261	0	176.974	488.656
OG0006270	0	105.755	381.857
OG0006273	0	30.636	192.022
OG0006290	0	89.976	443.828
OG0006299	0	127.215	571.902
OG0006318	0	113.142	530.915
OG0006329	0	43.556	228.282
OG0006339	0	30.807	200.202
OG0006346	0	66.411	332.448
OG0006350	0	78.923	349.860
OG0006356	0	63.523	384.366
OG0006371	0	75.897	331.141
OG0006378	0	110.718	484.619
OG0006380	0	187.038	573.423
OG0006387	0	86.722	446.307
OG0006388	0	152.453	927.017
OG0006391	0	236.355	837.611
OG0006410	0	70.964	319.787
OG0006415	0	87.920	329.802
OG0006425	0	31.649	217.994
OG0006429	0	445.534	1585.154
OG0006430	0	102.302	486.234
OG0006431	0	127.123	657.852
OG0006443	0	92.854	524.379
OG0006450	0	23.475	169.222
OG0006452	0	36.093	202.938
OG0006464	0	94.808	383.768
OG0006487	0	427.538	989.240
OG0006497	0	459.171	1003.526
OG0006499	0	202.769	652.277
OG0006501	0	81.898	342.984
OG0006503	0	118.877	372.502
OG0006505	0	46.918	240.706
OG0006506	0	69.684	332.315
OG0006507	0	80.281	334.183
OG0006512	0	23.547	173.216
OG0006517	0	19.920	151.727
OG0006521	0	93.045	456.094
OG0006547	0	149.120	415.393
OG0006556	0	76.491	377.544
OG0006557	0	82.457	341.650
OG0006568	0	165.480	592.454
OG0006570	0	67.312	400.425
OG0006572	0	101.856	445.461
OG0006575	0	171.657	577.989
OG0006595	0	89.626	355.692
OG0006600	0	53.034	303.006
OG0006603	0	46.403	231.000
OG0006609	0	65.837	409.572
OG0006610	0	13.843	97.989
OG0006617	0	95.553	373.005
OG0006621	0	51.554	329.642
OG0006624	0	103.789	409.549
OG0006627	0	68.518	340.514
OG0006629	0	17.028	152.480
OG0006634	0	167.566	623.782
OG0006635	0	188.340	762.148
OG0006644	0	32.092	186.448
OG0006649	0	50.719	397.491
OG0006652	0	45.988	228.551
OG0006654	0	82.909	358.610
OG0006655	0	131.196	460.851
OG0006658	0	209.566	775.419
OG0006662	0	153.055	726.264
OG0006670	0	36.860	272.242
OG0006671	0	236.516	994.424
OG0006678	0	168.543	453.255
OG0006680	0	45.077	286.637
OG0006681	0	88.562	438.173
OG0006685	0	263.344	796.862
OG0006690	0	82.288	363.181
OG0006701	0	47.315	236.533
OG0006707	0	51.010	284.089
OG0006714	0	138.736	574.589
OG0006717	0	208.651	761.650
OG0006721	0	26.367	185.506
OG0006723	0	106.764	404.425
OG0006724	0	163.971	450.151
OG0006725	0	22.960	171.793
OG0006729	0	96.220	464.106
OG0006770	0	60.932	406.698
OG0006777	0	25.877	159.961
OG0006779	0	161.433	433.799
OG0006789	0	74.707	406.841
OG0006794	0	10.206	104.953
OG0006809	0	134.387	628.574
OG0006819	0	29.976	180.023
OG0006826	0	88.923	434.635
OG0006834	0	58.988	212.145
OG0006842	0	68.893	255.216
OG0006848	0	128.988	391.230
OG0006849	0	154.522	518.974
OG0006863	0	50.613	270.162
OG0006864	0	13.792	137.634
OG0006868	0	85.101	467.290
OG0006870	0	11.108	101.523
OG0006883	0	190.371	557.543
OG0006886	0	56.141	227.089
OG0006891	0	107.316	361.955
OG0006904	0	67.792	402.227
OG0006907	0	74.407	328.197
OG0006911	0	109.144	450.572
OG0006949	0	50.260	311.304
OG0006956	0	48.466	277.397
OG0006965	0	110.171	487.491
OG0006966	0	66.403	379.699
OG0006967	0	63.838	329.953
OG0006970	0	129.311	624.683
OG0006978	0	23.691	271.213
OG0006979	0	104.691	358.995
OG0006983	0	170.890	504.094
OG0006993	0	37.205	230.621
OG0007001	0	16.734	182.659
OG0007002	0	38.340	293.365
OG0007006	0	218.782	755.953
OG0007018	0	86.874	316.575
OG0007021	0	120.991	443.469
OG0007025	0	27.467	204.562
OG0007029	0	47.018	253.935
OG0007032	0	198.949	721.772
OG0007040	0	173.987	622.184
OG0007044	0	140.530	532.550
OG0007045	0	28.370	237.312
OG0007046	0	51.624	228.372
OG0007047	0	51.388	259.837
OG0007051	0	28.648	140.261
OG0007058	0	134.996	474.126
OG0007067	0	37.420	244.050
OG0007070	0	39.592	277.640
OG0007071	0	15.790	127.983
OG0007072	0	48.945	274.960
OG0007073	0	64.360	397.761
OG0007078	0	338.693	970.267
OG0007098	0	99.573	512.153
OG0007099	0	85.011	483.869
OG0007100	0	109.548	466.307
OG0007106	0	51.437	214.842
OG0007113	0	77.238	334.186
OG0007117	0	50.402	271.207
OG0007121	0	52.846	317.439
OG0007131	0	27.671	170.080
OG0007140	0	19.736	158.000
OG0007149	0	74.856	406.972
OG0007157	0	254.601	708.411
OG0007175	0	129.779	436.681
OG0007177	0	115.831	453.802
OG0007181	0	81.518	383.096
OG0007189	0	180.412	619.097
OG0007190	0	52.012	269.406
OG0007191	0	32.601	155.574
OG0007199	0	75.620	327.560
OG0007203	0	334.521	1085.193
OG0007221	0	123.884	444.178
OG0007222	0	37.956	240.461
OG0007224	0	20.388	161.274
OG0007225	0	108.475	408.293
OG0007226	0	85.764	473.761
OG0007228	0	53.607	292.254
OG0007237	0	92.064	278.583
OG0007245	0	47.618	239.363
OG0007246	0	66.665	316.423
OG0007249	0	31.959	176.654
OG0007251	0	157.855	948.565
OG0007252	0	22.572	147.559
OG0007254	0	150.710	465.030
OG0007259	0	28.138	198.297
OG0007263	0	67.192	352.994
OG0007270	0	63.247	272.306
OG0007273	0	69.312	252.500
OG0007278	0	165.445	587.103
OG0007280	0	144.601	468.792
OG0007281	0	78.645	307.096
OG0007282	0	75.014	286.301
OG0007288	0	81.204	307.143
OG0007290	0	58.944	244.605
OG0007292	0	48.069	286.813
OG0007300	0	51.943	292.107
OG0007306	0	102.421	427.039
OG0007308	0	130.932	483.618
OG0007314	0	62.387	240.178
OG0007319	0	22.781	178.756
OG0007321	0	406.236	1248.228
OG0007349	0	47.337	205.505
OG0007350	0	31.100	209.964
OG0007360	0	49.122	199.805
OG0007366	0	119.708	409.244
OG0007367	0	187.733	520.717
OG0007368	0	106.109	457.919
OG0007369	0	80.190	396.034
OG0007370	0	358.623	951.025
OG0007374	0	137.397	430.874
OG0007377	0	71.430	327.760
OG0007384	0	55.133	203.101
OG0007387	0	25.902	206.421
OG0007389	0	36.563	233.506
OG0007394	0	32.037	237.412
OG0007400	0	19.549	170.232
OG0007402	0	50.495	232.296
OG0007404	0	63.274	317.083
OG0007413	0	43.851	280.401
OG0007415	0	26.844	179.093
OG0007416	0	73.279	451.213
OG0007417	0	138.781	503.896
OG0007418	0	174.105	673.438
OG0007419	0	20.716	178.284
OG0007420	0	158.578	622.676
OG0007421	0	63.582	328.403
OG0007424	0	52.749	288.772
OG0007428	0	56.959	335.087
OG0007438	0	70.359	306.823
OG0007440	0	40.263	226.392
OG0007443	0	23.242	164.692
OG0007447	0	26.510	147.983
OG0007450	0	447.984	1500.011
OG0007451	0	13.440	142.272
OG0007453	0	39.492	259.413
OG0007456	0	279.898	786.030
OG0007457	0	267.973	973.198
OG0007460	0	69.319	468.913
OG0007466	0	96.696	485.906
OG0007467	0	8.415	104.040
OG0007469	0	276.047	495.553
OG0007473	0	51.290	232.941
OG0007479	0	40.319	275.479
OG0007482	0	99.445	376.808
OG0007483	0	107.514	428.070
OG0007486	0	209.881	859.459
OG0007487	0	27.739	230.769
OG0007488	0	52.698	296.250
OG0007493	0	22.894	155.147
OG0007495	0	91.121	456.138
OG0007496	0	99.006	430.528
OG0007498	0	80.208	335.417
OG0007501	0	54.290	280.575
OG0007504	0	183.529	610.505
OG0007511	0	206.493	580.723
OG0007512	0	15.195	101.436
OG0007515	0	130.166	423.822
OG0007516	0	65.878	306.927
OG0007517	0	101.618	457.941
OG0007525	0	81.104	380.674
OG0007528	0	125.540	572.076
OG0007529	0	127.958	515.085
OG0007530	0	183.708	524.975
OG0007538	0	66.550	319.137
OG0007544	0	109.106	402.944
OG0007555	0	124.096	332.035
OG0007556	0	32.376	226.930
OG0007561	0	95.846	438.784
OG0007562	0	97.780	534.374
OG0007567	0	120.850	587.567
OG0007572	0	107.507	497.079
OG0007574	0	257.687	1063.306
OG0007582	0	270.486	709.051
OG0007583	0	190.808	544.979
OG0007584	0	33.165	213.603
OG0007589	0	219.091	856.091
OG0007590	0	89.449	444.605
OG0007595	0	86.375	456.052
OG0007609	0	84.644	418.476
OG0007612	0	161.935	591.825
OG0007613	0	172.572	513.255
OG0007619	0	50.631	218.251
OG0007633	0	58.556	263.740
OG0007638	0	212.615	700.443
OG0007644	0	32.568	191.147
OG0007646	0	70.833	322.531
OG0007649	0	142.883	511.489
OG0007654	0	173.182	617.417
OG0007656	0	63.950	393.874
OG0007664	0	67.172	316.634
OG0007668	0	69.164	366.977
OG0007675	0	181.559	659.790
OG0007681	0	78.518	308.798
OG0007684	0	33.291	213.494
OG0007686	0	56.179	245.973
OG0007687	0	57.525	217.782
OG0007693	0	33.965	124.898
OG0007696	0	45.172	237.878
OG0007697	0	246.534	692.685
OG0007701	0	33.951	263.006
OG0007702	0	116.969	410.414
OG0007706	0	75.283	350.741
OG0007707	0	50.531	333.383
OG0007708	0	276.370	837.765
OG0007710	0	98.558	428.770
OG0007718	0	92.123	436.940
OG0007726	0	136.494	427.620
OG0007735	0	144.683	758.322
OG0007742	0	133.441	614.275
OG0007745	0	100.314	411.011
OG0007747	0	144.308	583.884
OG0007750	0	45.081	272.476
OG0007754	0	127.876	470.074
OG0007755	0	147.033	614.757
OG0007756	0	63.123	336.415
OG0007758	0	131.665	452.550
OG0007771	0	122.016	336.680
OG0007772	0	48.775	205.983
OG0007773	0	35.724	214.891
OG0007777	0	71.333	371.671
OG0007810	0	58.191	288.661
OG0007811	0	29.814	249.443
OG0007814	0	112.566	455.000
OG0007816	0	33.509	213.731
OG0007823	0	220.011	891.600
OG0007836	0	74.385	328.689
OG0007839	0	48.969	256.617
OG0007843	0	101.612	601.630
OG0007851	0	309.901	933.989
OG0007853	0	117.327	469.509
OG0007855	0	67.152	254.650
OG0007856	0	179.228	599.415
OG0007857	0	95.934	382.977
OG0007862	0	128.696	550.267
OG0007863	0	43.542	210.494
OG0007865	0	148.169	614.640
OG0007866	0	49.536	274.747
OG0007872	0	25.909	217.629
OG0007874	0	160.474	511.683
OG0007876	0	74.496	237.101
OG0007877	0	65.421	385.324
OG0007881	0	81.057	307.440
OG0007884	0	117.761	442.109
OG0007885	0	90.833	597.965
OG0007887	0	211.178	692.770
OG0007889	0	194.958	642.184
OG0007894	0	114.839	417.646
OG0007896	0	91.304	431.541
OG0007897	0	42.257	226.955
OG0007899	0	53.795	358.437
OG0007902	0	66.913	345.342
OG0007906	0	211.589	612.275
OG0007907	0	38.534	164.337
OG0007912	0	99.553	391.121
OG0007913	0	58.236	304.103
OG0007921	0	94.302	420.973
OG0007925	0	189.724	717.323
OG0007926	0	141.687	448.435
OG0007934	0	106.352	373.686
OG0007940	0	193.266	732.241
OG0007941	0	51.953	285.413
OG0007942	0	412.950	1158.207
OG0007943	0	235.744	783.182
OG0007944	0	26.847	222.866
OG0007945	0	29.106	187.224
OG0007947	0	138.771	623.503
OG0007954	0	139.104	605.401
OG0007957	0	53.430	296.186
OG0007958	0	75.051	350.393
OG0007960	0	83.698	432.210
OG0007966	0	368.476	1053.251
OG0007970	0	51.404	275.413
OG0007971	0	63.389	319.570
OG0007974	0	296.049	877.862
OG0007975	0	143.073	679.938
OG0007988	0	26.719	201.104
OG0007993	0	20.696	153.438
OG0007997	0	49.362	318.618
OG0007999	0	38.805	219.701
OG0008000	0	307.823	771.359
OG0008005	0	291.043	810.585
OG0008013	0	47.915	262.360
OG0008017	0	423.683	1208.160
OG0008028	0	55.664	311.686
OG0008029	0	106.272	353.971
OG0008037	0	161.642	770.354
OG0008041	0	63.250	400.820
OG0008043	0	64.861	259.983
OG0008044	0	227.688	646.620
OG0008046	0	109.543	366.549
OG0008047	0	111.308	435.028
OG0008051	0	53.886	304.472
OG0008053	0	50.814	197.217
OG0008056	0	174.630	680.421
OG0008058	0	30.345	216.661
OG0008061	0	216.873	558.365
OG0008063	0	8.221	116.560
OG0008066	0	38.954	239.135
OG0008067	0	62.653	386.056
OG0008068	0	35.514	191.984
OG0008072	0	173.049	556.632
OG0008076	0	42.158	293.093
OG0008082	0	59.713	360.976
OG0008091	0	103.296	352.674
OG0008097	0	93.387	482.197
OG0008098	0	37.217	215.690
OG0008100	0	151.303	671.874
OG0008102	0	57.087	344.349
OG0008109	0	43.846	271.697
OG0008115	0	127.925	415.868
OG0008118	0	61.618	327.395
OG0008120	0	26.022	171.311
OG0008122	0	50.252	378.698
OG0008123	0	362.443	1147.150
OG0008124	0	175.695	632.717
OG0008129	0	104.272	375.212
OG0008131	0	192.474	684.743
OG0008133	0	161.042	722.000
OG0008138	0	78.717	384.089
OG0008140	0	50.734	286.497
OG0008141	0	100.304	357.620
OG0008142	0	54.454	369.695
OG0008146	0	34.788	198.711
OG0008147	0	53.756	303.923
OG0008149	0	167.583	506.216
OG0008152	0	63.480	298.040
OG0008155	0	13.479	148.952
OG0008156	0	150.686	618.635
OG0008163	0	94.503	464.713
OG0008166	0	80.095	335.308
OG0008169	0	63.927	358.436
OG0008170	0	127.874	544.240
OG0008172	0	44.258	307.056
OG0008173	0	85.192	444.710
OG0008178	0	322.270	1041.681
OG0008180	0	63.816	277.676
OG0008181	0	18.177	121.131
OG0008182	0	132.692	489.627
OG0008183	0	117.284	473.622
OG0008185	0	143.052	508.749
OG0008187	0	163.464	686.833
OG0008188	0	15.565	186.379
OG0008189	0	62.330	335.656
OG0008190	0	50.035	272.791
OG0008192	0	211.470	640.536
OG0008194	0	34.660	274.080
OG0008195	0	31.903	198.555
OG0008198	0	47.353	255.503
OG0008201	0	63.412	372.662
OG0008204	0	139.290	506.000
OG0008208	0	247.479	750.006
OG0008209	0	177.293	538.940
OG0008213	0	74.288	346.131
OG0008215	0	71.263	342.259
OG0008223	0	142.033	388.943
OG0008224	0	62.380	225.199
OG0008228	0	110.661	432.157
OG0008230	0	31.437	252.017
OG0008234	0	42.478	290.584
OG0008235	0	204.941	730.355
OG0008236	0	20.770	153.442
OG0008243	0	48.662	301.784
OG0008281	0	56.866	366.684
OG0008282	0	171.776	601.864
OG0008285	0	281.543	1233.817
OG0008286	0	35.540	238.035
OG0008287	0	185.831	699.231
OG0008288	0	65.740	336.145
OG0008291	0	183.360	497.964
OG0008296	0	103.622	388.561
OG0008298	0	104.344	831.726
OG0008299	0	211.273	655.474
OG0008300	0	29.142	186.734
OG0008301	0	86.773	297.284
OG0008302	0	11.071	88.251
OG0008303	0	112.517	589.934
OG0008306	0	83.744	360.571
OG0008310	0	131.701	659.150
OG0008314	0	235.226	726.873
OG0008318	0	47.366	233.154
OG0008319	0	129.875	583.000
OG0008321	0	15.080	143.782
OG0008323	0	157.047	657.820
OG0008326	0	168.814	505.264
OG0008327	0	66.487	372.087
OG0008329	0	283.045	1039.029
OG0008330	0	19.691	141.463
OG0008331	0	25.271	210.720
OG0008332	0	87.824	346.114
OG0008335	0	17.763	163.400
OG0008336	0	23.784	237.166
OG0008343	0	20.766	213.565
OG0008345	0	62.695	299.149
OG0008347	0	56.699	292.285
OG0008349	0	125.297	403.400
OG0008351	0	168.401	558.633
OG0008352	0	135.839	531.089
OG0008354	0	132.634	485.467
OG0008355	0	47.493	290.042
OG0008357	0	39.395	203.549
OG0008359	0	229.884	658.227
OG0008361	0	51.639	249.269
OG0008362	0	172.700	712.857
OG0008363	0	308.367	706.678
OG0008367	0	54.211	324.243
OG0008371	0	119.939	450.412
OG0008372	0	124.482	463.850
OG0008373	0	36.748	201.616
OG0008374	0	681.738	2108.524
OG0008375	0	210.481	768.617
OG0008377	0	69.237	360.409
OG0008379	0	92.406	368.380
OG0008380	0	184.006	600.307
OG0008382	0	42.444	273.797
OG0008384	0	32.412	187.360
OG0008385	0	60.728	315.693
OG0008388	0	81.625	339.052
OG0008390	0	57.752	324.594
OG0008393	0	52.262	231.570
OG0008395	0	31.569	194.761
OG0008396	0	156.301	476.433
OG0008398	0	118.744	504.819
OG0008404	0	133.863	428.439
OG0008407	0	56.526	266.740
OG0008408	0	46.789	240.410
OG0008410	0	263.423	620.050
OG0008412	0	64.234	414.654
OG0008413	0	94.909	370.049
OG0008416	0	36.183	199.071
OG0008417	0	20.231	146.156
OG0008418	0	95.916	412.249
OG0008420	0	385.282	944.741
OG0008421	0	46.764	236.874
OG0008423	0	118.209	685.025
OG0008424	0	98.101	330.984
OG0008425	0	95.678	315.541
OG0008426	0	91.386	525.249
OG0008427	0	210.921	767.483
OG0008428	0	62.560	276.309
OG0008429	0	125.773	459.565
OG0008431	0	45.485	234.459
OG0008434	0	115.307	424.733
OG0008435	0	124.034	402.732
OG0008436	0	113.503	437.595
OG0008440	0	291.224	1018.469
OG0008442	0	175.744	542.308
OG0008445	0	33.271	185.076
OG0008449	0	243.735	964.246
OG0008452	0	55.515	306.518
OG0008453	0	124.123	480.689
OG0008454	0	37.074	236.118
OG0008457	0	66.488	341.237
OG0008462	0	109.140	450.749
OG0008463	0	60.098	295.203
OG0008464	0	66.985	353.403
OG0008466	0	107.603	421.281
OG0008468	0	307.938	852.830
OG0008471	0	173.311	705.641
OG0008473	0	96.413	382.561
OG0008476	0	153.856	524.829
OG0008482	0	75.409	388.253
OG0008484	0	91.096	407.357
OG0008487	0	11.894	120.686
OG0008488	0	77.641	277.235
OG0008491	0	125.539	476.497
OG0008492	0	39.978	225.620
OG0008493	0	50.072	211.006
OG0008504	0	126.442	545.620
OG0008505	0	94.650	514.165
OG0008516	0	68.498	351.912
OG0008519	0	122.117	425.220
OG0008522	0	126.366	440.940
OG0008526	0	18.995	208.914
OG0008527	0	161.163	576.573
OG0008529	0	25.890	200.757
OG0008540	0	17.309	161.285
OG0008541	0	63.477	409.247
OG0008546	0	221.107	868.322
OG0008556	0	38.347	284.556
OG0008558	0	37.425	220.018
OG0008560	0	455.333	1361.218
OG0008561	0	24.604	155.556
OG0008564	0	41.245	200.052
OG0008565	0	164.273	558.957
OG0008566	0	83.911	366.606
OG0008569	0	167.267	529.688
OG0008570	0	78.743	441.542
OG0008573	0	79.449	395.435
OG0008574	0	47.121	376.876
OG0008579	0	81.855	330.844
OG0008580	0	289.170	931.172
OG0008581	0	304.077	1022.526
OG0008583	0	146.834	521.295
OG0008587	0	250.219	735.392
OG0008592	0	45.393	245.978
OG0008593	0	24.945	221.120
OG0008594	0	28.010	219.405
OG0008600	0	54.419	267.550
OG0008602	0	52.616	251.231
OG0008604	0	81.208	415.276
OG0008605	0	30.929	196.272
OG0008611	0	25.016	219.193
OG0008612	0	71.726	352.230
OG0008615	0	42.647	265.682
OG0008622	0	28.115	191.022
OG0008623	0	121.376	432.811
OG0008626	0	43.703	210.006
OG0008629	0	58.738	434.808
OG0008631	0	57.626	292.923
OG0008632	0	35.752	318.000
OG0008635	0	35.720	196.030
OG0008637	0	84.550	370.948
OG0008640	0	86.603	377.106
OG0008649	0	57.818	414.030
OG0008650	0	57.372	304.879
OG0008652	0	174.113	499.435
OG0008654	0	115.573	489.585
OG0008655	0	59.513	283.017
OG0008657	0	232.335	755.672
OG0008658	0	118.557	545.366
OG0008661	0	25.419	207.503
OG0008664	0	50.737	309.618
OG0008667	0	159.115	450.428
OG0008668	0	43.162	216.476
OG0008669	0	87.928	446.319
OG0008670	0	120.829	488.054
OG0008673	0	197.993	667.169
OG0008674	0	186.677	578.656
OG0008677	0	57.793	384.438
OG0008679	0	33.815	195.820
OG0008680	0	171.199	557.364
OG0008681	0	120.333	505.923
OG0008682	0	53.254	302.966
OG0008683	0	99.660	533.277
OG0008684	0	79.742	352.848
OG0008686	0	102.371	322.472
OG0008695	0	21.127	135.603
OG0008699	0	50.940	263.814
OG0008702	0	95.181	375.450
OG0008704	0	277.571	1030.291
OG0008709	0	115.861	523.994
OG0008714	0	100.654	423.744
OG0008715	0	130.790	423.573
OG0008717	0	62.858	336.690
OG0008718	0	124.509	545.891
OG0008721	0	319.115	829.654
OG0008724	0	94.370	372.921
OG0008726	0	234.545	605.362
OG0008729	0	50.287	372.474
OG0008732	0	38.168	246.851
OG0008733	0	89.981	285.763
OG0008735	0	108.964	408.769
OG0008738	0	35.395	232.301
OG0008744	0	63.926	349.468
OG0008746	0	66.312	359.030
OG0008747	0	83.099	355.750
OG0008751	0	27.634	165.901
OG0008761	0	82.314	300.952
OG0008763	0	41.204	246.185
OG0008767	0	135.670	457.298
OG0008772	0	54.939	294.521
OG0008777	0	54.604	269.190
OG0008802	0	79.642	360.216
OG0008807	0	24.829	139.562
OG0008811	0	35.420	218.506
OG0008812	0	245.423	923.681
OG0008814	0	53.013	265.242
OG0008817	0	81.202	339.941
OG0008819	0	16.043	130.617
OG0008820	0	101.879	536.067
OG0008825	0	74.916	407.844
OG0008826	0	211.549	778.263
OG0008831	0	38.011	307.436
OG0008833	0	240.261	772.069
OG0008834	0	76.412	394.115
OG0008836	0	50.735	246.344
OG0008837	0	65.102	336.045
OG0008839	0	67.184	336.789
OG0008840	0	22.325	174.875
OG0008841	0	82.340	433.836
OG0008842	0	116.647	392.809
OG0008843	0	137.728	606.054
OG0008844	0	91.886	321.610
OG0008847	0	17.010	180.497
OG0008849	0	32.459	215.164
OG0008850	0	22.886	200.716
OG0008852	0	56.491	239.179
OG0008853	0	111.192	461.860
OG0008855	0	71.314	341.724
OG0008857	0	53.915	306.000
OG0008859	0	145.747	515.816
OG0008861	0	77.466	386.586
OG0008864	0	74.413	339.819
OG0008871	0	44.577	213.841
OG0008873	0	19.374	133.076
OG0008875	0	92.277	407.227
OG0008879	0	246.865	825.375
OG0008880	0	47.230	351.701
OG0008881	0	95.448	481.618
OG0008882	0	81.055	322.553
OG0008887	0	82.078	344.383
OG0008889	0	47.011	236.621
OG0008892	0	181.400	554.636
OG0008893	0	98.713	586.551
OG0008894	0	75.333	374.612
OG0008895	0	70.768	329.094
OG0008897	0	65.903	312.542
OG0008899	0	54.156	246.071
OG0008900	0	29.305	174.383
OG0008901	0	50.118	256.688
OG0008903	0	62.857	281.503
OG0008906	0	24.768	143.063
OG0008907	0	248.653	820.238
OG0008914	0	401.674	1430.767
OG0008918	0	141.482	453.083
OG0008920	0	35.946	208.703
OG0008924	0	41.371	280.773
OG0008927	0	74.046	348.288
OG0008928	0	61.591	296.928
OG0008929	0	510.151	1633.128
OG0008934	0	43.264	307.797
OG0008935	0	72.383	489.584
OG0008939	0	19.972	163.368
OG0008941	0	188.513	630.832
OG0008945	0	50.459	215.230
OG0008947	0	175.596	564.943
OG0008948	0	37.878	214.447
OG0008949	0	210.211	625.161
OG0008950	0	98.561	385.984
OG0008951	0	92.850	355.973
OG0008954	0	116.414	551.506
OG0008955	0	160.108	628.249
OG0008957	0	136.658	587.747
OG0008958	0	100.754	409.945
OG0008961	0	79.050	436.918
OG0008971	0	102.265	414.351
OG0008972	0	60.308	293.522
OG0008975	0	126.221	487.144
OG0008977	0	410.078	1241.789
OG0008979	0	120.415	429.909
OG0008982	0	20.620	126.689
OG0008985	0	37.372	193.017
OG0008986	0	78.644	402.694
OG0008988	0	69.957	272.190
OG0008989	0	43.476	222.768
OG0008991	0	53.954	258.245
OG0008993	0	49.921	310.071
OG0008994	0	54.829	249.627
OG0008995	0	23.473	188.218
OG0008996	0	77.249	384.161
OG0008999	0	122.867	398.208
OG0009000	0	20.922	188.866
OG0009001	0	85.641	327.408
OG0009004	0	200.964	700.696
OG0009005	0	63.678	293.432
OG0009006	0	118.378	536.956
OG0009008	0	32.724	244.665
OG0009011	0	87.971	323.702
OG0009013	0	163.696	528.133
OG0009014	0	55.027	330.883
OG0009016	0	27.794	193.937
OG0009019	0	38.642	248.950
OG0009021	0	64.306	298.647
OG0009022	0	27.797	163.899
OG0009025	0	126.366	540.838
OG0009026	0	128.759	594.339
OG0009027	0	58.317	327.528
OG0009028	0	55.607	312.883
OG0009029	0	41.600	225.551
OG0009030	0	66.561	275.682
OG0009031	0	479.065	1193.653
OG0009033	0	73.384	294.727
OG0009035	0	40.206	217.258
OG0009038	0	52.781	305.639
OG0009043	0	22.494	219.056
OG0009044	0	19.632	147.517
OG0009047	0	112.600	400.870
OG0009048	0	172.636	642.747
OG0009050	0	24.260	157.055
OG0009056	0	152.184	513.492
OG0009059	0	95.455	341.654
OG0009063	0	166.035	490.084
OG0009065	0	78.232	389.182
OG0009068	0	58.467	376.576
OG0009070	0	419.750	1194.844
OG0009071	0	470.842	1065.427
OG0009079	0	113.905	470.403
OG0009080	0	234.640	739.678
OG0009081	0	213.510	686.525
OG0009083	0	90.207	363.164
OG0009085	0	35.623	227.543
OG0009086	0	65.815	460.712
OG0009087	0	46.568	305.808
OG0009088	0	79.298	341.701
OG0009090	0	116.874	423.946
OG0009091	0	54.909	306.696
OG0009092	0	77.157	329.263
OG0009099	0	143.954	704.960
OG0009100	0	133.631	513.919
OG0009102	0	146.124	474.768
OG0009103	0	173.053	678.709
OG0009104	0	211.596	759.179
OG0009107	0	89.124	383.456
OG0009112	0	112.498	476.800
OG0009116	0	10.172	173.366
OG0009118	0	81.063	355.661
OG0009120	0	39.274	258.120
OG0009121	0	147.798	539.681
OG0009122	0	31.793	236.833
OG0009125	0	215.615	638.296
OG0009128	0	18.263	195.638
OG0009129	0	58.330	296.411
OG0009130	0	43.058	260.801
OG0009135	0	157.748	435.697
OG0009136	0	60.778	354.561
OG0009139	0	249.161	938.162
OG0009144	0	67.786	319.262
OG0009145	0	96.727	428.717
OG0009146	0	226.312	806.609
OG0009150	0	126.733	405.665
OG0009152	0	110.456	486.337
OG0009153	0	106.387	408.661
OG0009160	0	29.811	226.617
OG0009163	0	24.886	163.201
OG0009164	0	196.744	672.071
OG0009165	0	25.672	160.909
OG0009166	0	35.992	232.472
OG0009172	0	75.610	382.410
OG0009175	0	31.711	203.963
OG0009176	0	105.673	403.348
OG0009177	0	25.519	190.515
OG0009180	0	37.739	276.006
OG0009181	0	51.197	219.503
OG0009183	0	50.476	251.074
OG0009184	0	48.728	287.750
OG0009185	0	48.682	249.051
OG0009187	0	33.803	262.222
OG0009189	0	44.039	214.603
OG0009192	0	49.575	279.154
OG0009193	0	32.475	224.676
OG0009194	0	198.297	728.339
OG0009197	0	349.958	1150.461
OG0009203	0	85.619	461.607
OG0009206	0	69.242	286.971
OG0009207	0	85.195	356.478
OG0009210	0	53.578	319.561
OG0009214	0	535.790	1472.144
OG0009215	0	83.788	396.616
OG0009218	0	302.916	866.000
OG0009220	0	30.130	178.708
OG0009224	0	63.494	395.038
OG0009226	0	48.684	264.766
OG0009229	0	40.803	221.039
OG0009231	0	167.244	637.108
OG0009234	0	18.716	125.429
OG0009235	0	149.130	488.791
OG0009236	0	83.116	360.656
OG0009238	0	78.895	523.083
OG0009239	0	84.541	343.836
OG0009240	0	44.900	242.792
OG0009243	0	26.610	182.881
OG0009244	0	55.936	258.818
OG0009245	0	120.150	403.324
OG0009247	0	303.087	1008.989
OG0009249	0	163.383	551.856
OG0009250	0	35.303	265.104
OG0009254	0	23.877	188.331
OG0009256	0	58.398	330.290
OG0009258	0	25.577	208.134
OG0009259	0	162.228	488.011
OG0009260	0	155.831	617.846
OG0009262	0	59.144	369.224
OG0009265	0	76.312	313.665
OG0009267	0	75.105	383.856
OG0009268	0	97.918	548.687
OG0009272	0	95.498	419.452
OG0009273	0	38.620	346.101
OG0009274	0	18.645	148.414
OG0009276	0	156.404	674.854
OG0009277	0	198.387	583.652
OG0009278	0	123.387	414.039
OG0009286	0	106.933	350.540
OG0009294	0	86.037	583.611
OG0009300	0	10.446	99.155
OG0009311	0	40.691	279.166
OG0009345	0	85.519	366.771
OG0009348	0	13.147	122.439
OG0009349	0	118.274	452.759
OG0009350	0	72.341	314.665
OG0009352	0	242.355	762.316
OG0009353	0	64.852	274.973
OG0009354	0	43.610	314.542
OG0009357	0	87.276	372.788
OG0009359	0	114.797	393.995
OG0009360	0	67.802	395.335
OG0009361	0	318.082	1519.644
OG0009362	0	138.010	534.415
OG0009366	0	153.417	435.480
OG0009369	0	173.489	629.553
OG0009370	0	71.667	324.571
OG0009374	0	56.861	331.866
OG0009375	0	8.498	128.461
OG0009376	0	280.013	764.839
OG0009378	0	167.120	536.533
OG0009380	0	120.622	625.429
OG0009383	0	217.762	647.434
OG0009385	0	75.689	361.593
OG0009386	0	13.502	115.509
OG0009392	0	38.060	218.547
OG0009393	0	254.045	682.735
OG0009395	0	65.518	280.517
OG0009396	0	219.468	655.357
OG0009397	0	38.409	262.663
OG0009398	0	152.349	593.430
OG0009399	0	63.056	267.607
OG0009400	0	607.295	1848.201
OG0009402	0	269.166	773.484
OG0009403	0	29.538	164.628
OG0009404	0	72.436	304.749
OG0009408	0	53.741	279.418
OG0009409	0	71.818	374.766
OG0009410	0	110.547	625.232
OG0009411	0	105.740	354.036
OG0009413	0	85.240	363.975
OG0009414	0	60.485	329.971
OG0009415	0	147.541	601.459
OG0009416	0	52.032	341.125
OG0009417	0	37.299	215.190
OG0009422	0	73.658	338.758
OG0009423	0	94.984	348.713
OG0009426	0	18.260	182.857
OG0009427	0	57.250	265.764
OG0009428	0	74.645	380.244
OG0009429	0	43.546	258.637
OG0009430	0	15.204	159.451
OG0009431	0	122.898	458.363
OG0009432	0	68.730	341.206
OG0009434	0	12.430	92.135
OG0009436	0	88.753	422.632
OG0009438	0	35.091	215.642
OG0009440	0	144.997	452.247
OG0009441	0	66.706	340.476
OG0009447	0	259.260	829.231
OG0009448	0	53.044	319.783
OG0009451	0	171.630	652.602
OG0009456	0	39.451	214.524
OG0009457	0	21.868	183.838
OG0009458	0	33.112	215.839
OG0009460	0	39.303	233.068
OG0009462	0	55.412	268.366
OG0009464	0	74.508	335.176
OG0009466	0	218.142	790.678
OG0009467	0	167.815	741.202
OG0009470	0	32.936	250.880
OG0009475	0	76.573	358.586
OG0009476	0	65.627	252.332
OG0009477	0	121.535	408.370
OG0009478	0	113.743	800.640
OG0009479	0	40.831	265.952
OG0009480	0	35.463	208.771
OG0009481	0	25.191	220.078
OG0009482	0	36.329	267.300
OG0009483	0	47.707	238.376
OG0009484	0	38.554	372.944
OG0009486	0	11.684	107.756
OG0009491	0	142.594	576.639
OG0009492	0	131.804	490.639
OG0009493	0	51.396	302.989
OG0009495	0	35.873	217.848
OG0009498	0	147.623	586.737
OG0009499	0	58.680	316.000
OG0009500	0	57.386	337.908
OG0009503	0	200.576	556.376
OG0009504	0	68.605	287.242
OG0009508	0	241.377	856.777
OG0009514	0	123.602	472.453
OG0009515	0	26.379	194.975
OG0009516	0	124.595	536.867
OG0009517	0	82.490	385.396
OG0009518	0	142.445	648.789
OG0009519	0	48.435	238.059
OG0009520	0	58.756	264.574
OG0009521	0	169.406	662.619
OG0009522	0	47.925	241.018
OG0009524	0	49.806	248.456
OG0009525	0	128.350	526.169
OG0009528	0	101.807	534.191
OG0009531	0	79.431	332.706
OG0009533	0	130.168	485.905
OG0009536	0	98.779	522.211
OG0009537	0	181.771	699.739
OG0009539	0	38.956	192.164
OG0009540	0	37.104	289.725
OG0009541	0	61.974	380.329
OG0009542	0	122.120	431.381
OG0009544	0	68.198	416.675
OG0009545	0	138.892	553.369
OG0009547	0	135.359	416.530
OG0009548	0	20.107	153.713
OG0009551	0	32.581	297.024
OG0009553	0	107.431	427.565
OG0009554	0	495.065	1405.293
OG0009555	0	57.260	307.804
OG0009559	0	59.621	243.263
OG0009561	0	351.662	899.683
OG0009564	0	68.089	320.167
OG0009566	0	69.448	335.795
OG0009568	0	108.370	411.290
OG0009572	0	97.565	408.378
OG0009573	0	122.548	465.246
OG0009575	0	85.417	436.335
OG0009577	0	244.774	787.239
OG0009578	0	26.994	200.311
OG0009581	0	135.610	500.324
OG0009586	0	53.432	239.834
OG0009589	0	129.424	402.766
OG0009593	0	131.483	547.356
OG0009594	0	188.672	551.147
OG0009596	0	189.182	496.598
OG0009600	0	177.260	502.525
OG0009601	0	31.321	245.681
OG0009604	0	39.778	261.956
OG0009609	0	90.068	465.563
OG0009612	0	126.854	539.256
OG0009614	0	74.051	306.483
OG0009615	0	101.790	385.142
OG0009616	0	33.645	269.622
OG0009617	0	163.693	772.054
OG0009619	0	50.733	281.381
OG0009624	0	66.323	420.818
OG0009625	0	128.122	448.906
OG0009626	0	45.217	256.548
OG0009627	0	39.361	302.112
OG0009628	0	302.843	942.698
OG0009630	0	103.171	453.230
OG0009631	0	263.775	669.371
OG0009634	0	41.858	217.363
OG0009635	0	168.117	570.543
OG0009638	0	60.690	270.500
OG0009640	0	303.752	1046.364
OG0009642	0	161.954	666.280
OG0009643	0	82.592	324.705
OG0009644	0	108.385	398.484
OG0009645	0	21.149	114.191
OG0009646	0	62.577	248.039
OG0009648	0	257.114	875.492
OG0009653	0	9.939	86.541
OG0009657	0	46.489	357.715
OG0009658	0	59.033	292.583
OG0009661	0	100.590	453.531
OG0009662	0	45.710	278.243
OG0009664	0	12.597	110.503
OG0009669	0	105.314	374.427
OG0009670	0	45.521	262.500
OG0009671	0	117.670	352.115
OG0009672	0	30.723	248.600
OG0009674	0	168.753	485.440
OG0009676	0	89.779	381.350
OG0009677	0	29.430	188.024
OG0009682	0	91.620	515.218
OG0009683	0	43.778	340.326
OG0009684	0	252.680	702.231
OG0009686	0	186.721	561.903
OG0009689	0	47.555	343.625
OG0009690	0	105.362	471.988
OG0009692	0	152.521	658.251
OG0009694	0	42.705	238.317
OG0009695	0	28.281	200.025
OG0009698	0	172.904	598.110
OG0009699	0	206.824	678.902
OG0009700	0	57.394	297.370
OG0009703	0	79.588	423.401
OG0009704	0	139.286	527.024
OG0009705	0	85.731	388.835
OG0009706	0	96.841	362.847
OG0009711	0	64.057	310.602
OG0009714	0	100.881	380.369
OG0009715	0	174.494	540.320
OG0009717	0	83.950	403.382
OG0009719	0	190.989	891.884
OG0009720	0	21.983	251.784
OG0009721	0	95.461	496.006
OG0009722	0	84.579	372.325
OG0009723	0	52.797	269.829
OG0009724	0	148.362	544.625
OG0009727	0	51.936	285.148
OG0009735	0	36.994	329.087
OG0009740	0	100.809	388.632
OG0009741	0	105.185	422.739
OG0009745	0	18.889	133.974
OG0009748	0	62.823	259.094
OG0009752	0	82.511	300.661
OG0009775	0	171.412	570.016
OG0009780	0	87.763	337.930
OG0009782	0	167.308	485.136
OG0009784	0	27.266	253.411
OG0009785	0	209.402	700.643
OG0009786	0	136.678	494.865
OG0009787	0	77.098	245.673
OG0009788	0	18.909	150.141
OG0009791	0	82.182	348.389
OG0009793	0	407.948	941.831
OG0009794	0	447.344	1021.687
OG0009795	0	80.352	348.833
OG0009796	0	20.814	164.316
OG0009797	0	63.443	317.478
OG0009798	0	22.418	159.128
OG0009803	0	37.767	276.113
OG0009804	0	34.311	196.343
OG0009806	0	93.320	299.862
OG0009807	0	14.027	152.298
OG0009808	0	14.381	134.554
OG0009809	0	955.586	2137.363
OG0009816	0	50.119	299.042
OG0009817	0	18.806	152.381
OG0009818	0	29.378	225.107
OG0009820	0	41.472	227.215
OG0009826	0	129.237	661.035
OG0009827	0	144.587	537.392
OG0009828	0	73.791	323.177
OG0009829	0	96.717	453.626
OG0009830	0	18.818	189.642
OG0009831	0	64.914	332.446
OG0009832	0	21.060	91.473
OG0009833	0	56.131	249.419
OG0009835	0	84.499	348.335
OG0009837	0	58.632	259.800
OG0009842	0	94.597	421.831
OG0009844	0	39.479	299.784
OG0009845	0	47.843	245.433
OG0009846	0	63.485	363.679
OG0009847	0	132.079	572.994
OG0009848	0	84.931	475.019
OG0009849	0	47.727	295.975
OG0009853	0	124.482	408.562
OG0009854	0	44.307	235.701
OG0009856	0	239.128	716.079
OG0009857	0	83.921	410.342
OG0009859	0	48.190	257.545
OG0009861	0	65.965	318.960
OG0009862	0	32.988	210.029
OG0009863	0	219.450	812.180
OG0009864	0	14.544	111.471
OG0009868	0	251.216	699.814
OG0009869	0	111.942	427.701
OG0009870	0	186.623	597.848
OG0009871	0	54.370	351.548
OG0009872	0	251.557	691.756
OG0009873	0	71.963	439.926
OG0009880	0	428.984	1181.372
OG0009881	0	30.845	240.277
OG0009886	0	128.412	492.272
OG0009888	0	74.434	319.837
OG0009891	0	46.311	253.017
OG0009892	0	36.135	246.400
OG0009893	0	77.321	346.637
OG0009894	0	12.496	161.647
OG0009896	0	46.449	261.263
OG0009900	0	84.531	423.057
OG0009902	0	108.002	481.586
OG0009904	0	29.293	177.906
OG0009908	0	125.230	556.552
OG0009909	0	167.782	959.636
OG0009913	0	109.221	406.131
OG0009914	0	204.498	858.595
OG0009919	0	447.737	1098.897
OG0009921	0	29.277	197.359
OG0009922	0	108.163	357.294
OG0009925	0	90.471	412.321
OG0009926	0	23.096	199.574
OG0009931	0	106.848	420.754
OG0009935	0	115.197	483.796
OG0009936	0	132.972	504.585
OG0009940	0	59.381	282.503
OG0009941	0	71.800	395.075
OG0009942	0	77.533	408.636
OG0009945	0	202.982	614.075
OG0009947	0	27.895	203.079
OG0009948	0	14.136	111.659
OG0009949	0	16.559	145.488
OG0009950	0	58.987	309.483
OG0009955	0	48.884	315.812
OG0009956	0	107.713	434.687
OG0009957	0	46.191	282.623
OG0009959	0	81.434	454.970
OG0009960	0	141.243	560.805
OG0009967	0	126.874	441.318
OG0009968	0	55.063	347.131
OG0009969	0	166.773	673.051
OG0009970	0	154.383	541.613
OG0009972	0	91.761	378.707
OG0009973	0	121.154	508.649
OG0009975	0	48.048	310.657
OG0009976	0	22.359	167.693
OG0009977	0	52.456	273.286
OG0009983	0	134.146	583.805
OG0009987	0	63.412	331.544
OG0009991	0	194.818	561.642
OG0009992	0	21.903	181.687
OG0009993	0	43.044	232.977
OG0009995	0	73.745	326.192
OG0009997	0	217.935	655.934
OG0009998	0	49.219	252.605
OG00010001	0	151.895	547.129
OG00010002	0	31.806	199.069
OG00010003	0	64.754	315.017
OG00010004	0	85.654	313.058
OG00010005	0	74.492	285.591
OG00010008	0	62.879	308.788
OG00010011	0	203.132	667.825
OG00010012	0	47.055	269.919
OG00010013	0	78.307	233.069
OG00010015	0	68.031	284.970
OG00010017	0	17.191	140.306
OG00010018	0	113.092	535.048
OG00010022	0	333.325	1024.372
OG00010023	0	98.859	399.182
OG00010028	0	17.304	181.732
OG00010031	0	85.879	339.071
OG00010033	0	156.749	572.439
OG00010036	0	126.545	459.251
OG00010038	0	120.108	398.206
OG00010039	0	97.949	467.259
OG00010040	0	93.695	435.624
OG00010043	0	31.614	233.708
OG00010049	0	26.119	182.312
OG00010053	0	17.698	129.287
OG00010063	0	65.221	305.253
OG00010098	0	99.412	454.773
OG00010099	0	73.062	385.531
OG00010106	0	58.407	322.399
OG00010111	0	44.610	288.782
OG00010115	0	47.939	295.784
OG00010120	0	72.783	367.000
OG00010123	0	88.379	340.494
OG00010127	0	46.687	273.624
OG00010129	0	31.685	186.294
OG00010131	0	29.166	205.380
OG00010135	0	157.906	541.959
OG00010138	0	295.509	754.407
OG00010140	0	82.934	350.244
OG00010143	0	52.510	332.946
OG00010144	0	81.858	381.240
OG00010146	0	85.516	477.304
OG00010152	0	70.801	349.465
OG00010155	0	27.355	208.163
OG00010158	0	70.443	279.776
OG00010161	0	88.600	408.165
OG00010163	0	29.675	158.333
OG00010166	0	213.958	695.844
OG00010168	0	228.672	575.330
OG00010170	0	30.964	255.364
OG00010173	0	36.594	228.097
OG00010174	0	32.072	184.080
OG00010175	0	17.795	154.225
OG00010180	0	25.961	198.567
OG00010181	0	95.285	444.567
OG00010191	0	38.764	236.831
OG00010202	0	50.687	304.456
OG00010203	0	91.212	419.685
OG00010217	0	160.961	629.543
OG00010218	0	174.415	776.552
OG00010220	0	99.292	443.318
OG00010227	0	242.667	872.891
OG00010229	0	79.467	370.029
OG00010232	0	179.703	729.419
OG00010248	0	43.334	208.515
OG00010253	0	83.676	462.975
OG00010305	0	102.164	560.601
OG00010306	0	233.455	555.808
OG00010313	0	63.411	338.546
OG00010314	0	81.863	433.290
OG00010316	0	62.597	361.457
OG00010317	0	84.033	407.515
OG00010318	0	181.038	504.330
OG00010330	0	38.967	253.412
OG00010331	0	56.023	286.113
OG00010334	0	115.325	505.267
OG00010338	0	193.620	637.391
OG00010340	0	41.582	222.853
OG00010346	0	37.087	244.295
OG00010351	0	55.461	278.769
OG00010352	0	154.495	639.849
OG00010356	0	41.112	268.075
OG00010360	0	181.775	677.927
OG00010363	0	90.899	445.953
OG00010368	0	106.720	606.898
OG00010374	0	224.256	729.191
OG00010375	0	18.968	121.073
OG00010377	0	30.335	221.231
OG00010393	0	128.245	418.345
OG00010397	0	55.587	313.411
OG00010400	0	170.329	850.868
OG00010404	0	63.327	305.157
OG00010457	0	234.659	750.169
OG00010461	0	14.604	176.905
OG00010468	0	131.045	525.599
OG00010471	0	130.678	503.216
OG00010495	0	18.264	159.415
OG00010499	0	145.165	747.895
OG00010569	0	83.177	533.580
OG00010579	0	55.527	295.207
OG00010698	0	58.250	335.103
OG00010702	0	46.494	299.757
