OG0004472	0	227.141	640.236
OG0004571	0	26.394	171.225
OG0004791	0	293.031	792.508
OG0004946	0	84.766	362.055
OG0004998	0	208.220	657.116
OG0005093	0	221.495	563.589
OG0005099	0	122.841	416.179
OG0005235	0	60.927	258.011
OG0005278	0	105.689	386.191
OG0005295	0	82.180	329.244
OG0005315	0	240.242	655.519
OG0005333	0	43.875	203.821
OG0005369	0	140.441	461.164
OG0005370	0	63.596	288.503
OG0005371	0	72.206	302.164
OG0005372	0	63.760	285.451
OG0005387	0	103.927	354.154
OG0005407	0	71.486	326.769
OG0005436	0	50.887	198.547
OG0005471	0	80.411	310.849
OG0005475	0	99.880	370.301
OG0005531	0	70.495	317.507
OG0005549	0	180.949	515.907
OG0005556	0	203.474	618.431
OG0005566	0	145.137	431.635
OG0005576	0	56.050	255.366
OG0005593	0	230.266	661.291
OG0005613	0	105.878	350.177
OG0005614	0	80.453	333.966
OG0005616	0	33.369	185.683
OG0005628	0	132.158	480.084
OG0005629	0	102.017	372.087
OG0005643	0	189.524	540.845
OG0005652	0	137.702	439.313
OG0005684	0	167.624	466.534
OG0005689	0	93.837	412.148
OG0005708	0	98.447	350.809
OG0005709	0	150.404	510.555
OG0005729	0	55.377	277.506
OG0005748	0	43.274	196.323
OG0005779	0	351.661	1042.943
OG0005787	0	67.571	296.617
OG0005790	0	65.125	281.929
OG0005802	0	128.634	474.696
OG0005803	0	63.987	265.216
OG0005811	0	61.854	280.324
OG0005813	0	75.781	302.717
OG0005826	0	84.130	319.670
OG0005833	0	119.891	389.172
OG0005844	0	71.782	294.424
OG0005863	0	80.690	304.485
OG0005890	0	75.508	364.534
OG0005911	0	60.955	273.942
OG0005929	0	79.959	286.289
OG0005946	0	524.364	1248.228
OG0005953	0	130.703	437.925
OG0005968	0	128.005	423.710
OG0005973	0	52.157	253.911
OG0005983	0	55.309	262.755
OG0005989	0	59.030	243.818
OG0005996	0	110.015	432.576
OG0006004	0	129.758	420.027
OG0006020	0	55.816	240.458
OG0006024	0	70.330	318.765
OG0006026	0	65.241	265.142
OG0006050	0	50.302	228.661
OG0006058	0	88.961	362.978
OG0006066	0	134.588	424.942
OG0006069	0	81.907	347.633
OG0006074	0	84.560	329.113
OG0006076	0	73.388	297.590
OG0006077	0	55.236	272.237
OG0006113	0	99.187	356.452
OG0006114	0	91.561	325.610
OG0006118	0	35.778	195.786
OG0006122	0	50.532	235.798
OG0006130	0	74.547	305.893
OG0006131	0	35.750	163.764
OG0006138	0	69.822	280.896
OG0006145	0	108.071	330.618
OG0006158	0	73.172	340.355
OG0006160	0	131.345	452.505
OG0006161	0	157.438	592.423
OG0006163	0	43.389	212.995
OG0006165	0	86.172	336.404
OG0006172	0	58.375	234.816
OG0006178	0	156.536	506.079
OG0006184	0	203.097	647.163
OG0006188	0	104.042	359.142
OG0006197	0	149.179	489.749
OG0006204	0	62.315	289.301
OG0006209	0	113.732	458.110
OG0006217	0	128.181	497.027
OG0006220	0	82.171	295.604
OG0006224	0	50.945	236.214
OG0006239	0	170.708	513.272
OG0006243	0	36.513	207.913
OG0006251	0	18.894	114.936
OG0006260	0	113.038	378.998
OG0006261	0	60.382	236.618
OG0006263	0	24.225	134.265
OG0006265	0	129.636	516.328
OG0006270	0	30.947	170.630
OG0006300	0	109.404	397.296
OG0006312	0	329.957	901.630
OG0006314	0	125.624	401.146
OG0006318	0	175.646	500.521
OG0006321	0	92.638	354.279
OG0006324	0	64.011	269.640
OG0006330	0	51.107	218.556
OG0006332	0	176.569	607.669
OG0006342	0	59.704	282.278
OG0006346	0	98.329	369.159
OG0006348	0	123.336	429.314
OG0006349	0	65.389	280.438
OG0006350	0	72.537	268.348
OG0006351	0	49.960	235.177
OG0006352	0	57.917	277.353
OG0006358	0	97.689	343.704
OG0006359	0	117.221	432.811
OG0006361	0	82.535	323.792
OG0006367	0	51.618	224.391
OG0006369	0	143.102	447.137
OG0006370	0	52.765	226.626
OG0006371	0	98.792	333.373
OG0006373	0	56.954	272.755
OG0006377	0	108.822	385.748
OG0006385	0	91.188	350.950
OG0006388	0	53.126	229.122
OG0006389	0	31.385	180.369
OG0006390	0	74.385	279.323
OG0006393	0	116.142	395.061
OG0006395	0	127.458	428.410
OG0006412	0	85.572	324.826
OG0006418	0	85.203	325.586
OG0006419	0	120.102	429.361
OG0006423	0	33.865	183.364
OG0006429	0	121.431	429.102
OG0006436	0	152.522	506.930
OG0006441	0	81.904	372.224
OG0006446	0	58.053	248.694
OG0006458	0	55.476	241.943
OG0006460	0	108.084	429.452
OG0006461	0	90.886	355.620
OG0006464	0	114.444	427.061
OG0006466	0	61.454	259.430
OG0006467	0	15.755	122.465
OG0006468	0	67.223	284.448
OG0006469	0	47.727	215.832
OG0006483	0	70.032	320.807
OG0006484	0	79.666	342.490
OG0006488	0	78.989	342.770
OG0006494	0	59.228	239.231
OG0006502	0	40.994	200.124
OG0006503	0	105.140	408.978
OG0006512	0	47.918	209.862
OG0006515	0	104.158	357.381
OG0006527	0	35.993	203.472
OG0006537	0	84.502	313.303
OG0006538	0	70.323	302.189
OG0006550	0	154.607	499.173
OG0006551	0	41.457	205.025
OG0006552	0	200.430	588.175
OG0006554	0	93.078	317.835
OG0006559	0	60.522	253.813
OG0006561	0	47.215	222.883
OG0006564	0	44.099	201.731
OG0006575	0	42.197	224.033
OG0006576	0	150.835	499.516
OG0006593	0	130.114	498.974
OG0006597	0	41.255	219.567
OG0006609	0	111.318	391.091
OG0006611	0	66.258	283.372
OG0006612	0	94.260	345.386
OG0006614	0	53.953	235.538
OG0006620	0	49.275	230.492
OG0006621	0	136.257	458.813
OG0006627	0	56.831	252.937
OG0006628	0	118.736	402.467
OG0006631	0	73.687	292.077
OG0006634	0	78.869	296.397
OG0006636	0	115.062	417.358
OG0006638	0	78.959	306.412
OG0006640	0	41.912	206.615
OG0006649	0	109.115	464.715
OG0006656	0	76.336	317.539
OG0006664	0	50.929	268.328
OG0006668	0	187.888	638.978
OG0006670	0	105.370	359.267
OG0006673	0	39.975	201.248
OG0006677	0	83.352	294.065
OG0006679	0	31.703	161.138
OG0006685	0	36.248	190.009
OG0006686	0	133.745	448.616
OG0006695	0	84.205	335.734
OG0006697	0	61.172	231.570
OG0006699	0	34.078	190.211
OG0006703	0	132.575	513.438
OG0006704	0	137.120	466.977
OG0006705	0	45.279	222.809
OG0006706	0	55.369	255.962
OG0006718	0	83.225	310.214
OG0006720	0	60.595	248.353
OG0006734	0	33.801	202.042
OG0006735	0	91.144	347.304
OG0006736	0	104.886	405.084
OG0006739	0	113.786	413.868
OG0006743	0	74.313	307.019
OG0006746	0	50.535	242.357
OG0006754	0	18.734	143.510
OG0006756	0	99.059	352.929
OG0006763	0	29.194	187.890
OG0006764	0	62.069	281.616
OG0006765	0	46.843	215.343
OG0006766	0	373.099	1111.134
OG0006771	0	64.060	265.822
OG0006772	0	110.182	448.749
OG0006773	0	87.369	337.255
OG0006776	0	42.573	219.510
OG0006783	0	45.695	219.182
OG0006788	0	146.064	485.943
OG0006789	0	29.869	186.774
OG0006791	0	66.377	284.399
OG0006793	0	81.592	364.884
OG0006795	0	135.140	510.326
OG0006799	0	19.897	167.867
OG0006800	0	99.503	356.920
OG0006802	0	61.373	249.705
OG0006810	0	131.772	470.698
OG0006811	0	38.935	205.709
OG0006814	0	107.158	370.893
OG0006815	0	28.836	205.595
OG0006820	0	55.879	290.528
OG0006821	0	39.256	201.497
OG0006823	0	58.646	272.282
OG0006827	0	101.591	402.960
OG0006828	0	45.044	246.862
OG0006837	0	96.117	371.777
OG0006839	0	78.486	323.380
OG0006840	0	32.230	206.913
OG0006845	0	31.449	206.034
OG0006847	0	64.094	282.405
OG0006850	0	100.377	368.240
OG0006860	0	69.978	286.597
OG0006861	0	90.169	382.762
OG0006863	0	68.265	246.137
OG0006866	0	46.563	230.132
OG0006867	0	51.945	230.392
OG0006874	0	43.428	210.148
OG0006876	0	91.266	324.406
OG0006883	0	108.786	374.207
OG0006888	0	37.427	185.867
OG0006889	0	31.392	170.432
OG0006890	0	40.020	214.033
OG0006895	0	116.925	415.040
OG0006900	0	62.513	283.021
OG0006916	0	74.847	287.712
OG0006918	0	104.262	411.531
OG0006931	0	87.870	340.834
OG0006932	0	12.503	97.353
OG0006933	0	62.849	254.474
OG0006938	0	58.983	266.590
OG0006949	0	94.474	402.320
OG0006950	0	63.951	276.752
OG0006952	0	46.562	250.695
OG0006954	0	32.566	188.931
OG0006960	0	79.797	289.796
OG0006963	0	163.231	533.488
OG0006964	0	57.635	234.201
OG0006965	0	93.541	354.852
OG0006971	0	73.758	306.632
OG0006973	0	75.256	291.156
OG0006976	0	38.842	193.406
OG0006979	0	26.928	164.326
OG0006984	0	53.387	230.902
OG0006987	0	92.352	332.605
OG0006992	0	62.102	253.113
OG0006993	0	34.090	213.860
OG0006994	0	60.380	272.567
OG0006995	0	63.296	274.405
OG0006997	0	33.402	185.300
OG0006998	0	118.758	416.167
OG0006999	0	130.352	456.193
OG0007001	0	74.598	318.076
OG0007002	0	32.028	189.376
OG0007003	0	135.424	575.655
OG0007006	0	41.614	206.954
OG0007007	0	48.415	225.760
OG0007013	0	42.064	228.780
OG0007015	0	60.392	268.287
OG0007026	0	58.588	249.605
OG0007028	0	62.760	287.661
OG0007029	0	39.410	173.640
OG0007032	0	108.310	337.797
OG0007036	0	55.499	273.010
OG0007039	0	34.629	205.104
OG0007040	0	74.678	310.575
OG0007041	0	78.998	402.002
OG0007044	0	76.238	297.975
OG0007045	0	286.769	894.875
OG0007049	0	63.660	281.644
OG0007052	0	25.984	181.798
OG0007054	0	26.834	157.284
OG0007064	0	44.130	202.808
OG0007070	0	74.414	300.832
OG0007080	0	98.721	377.180
OG0007086	0	39.560	201.328
OG0007089	0	54.637	241.477
OG0007105	0	59.505	284.314
OG0007107	0	68.160	294.648
OG0007109	0	44.019	219.377
OG0007112	0	66.897	266.687
OG0007113	0	52.355	233.603
OG0007116	0	99.613	377.180
OG0007136	0	15.466	122.441
OG0007137	0	128.926	477.946
OG0007138	0	61.080	269.598
OG0007151	0	30.735	215.439
OG0007153	0	48.811	227.414
OG0007158	0	20.036	109.373
OG0007173	0	95.884	423.457
OG0007179	0	45.982	198.312
OG0007186	0	63.707	264.062
OG0007194	0	44.762	195.658
OG0007212	0	78.030	352.447
OG0007223	0	22.992	163.503
OG0007232	0	58.148	294.760
OG0007235	0	33.970	196.298
OG0007236	0	12.448	100.938
OG0007245	0	37.255	207.285
OG0007251	0	38.886	198.222
OG0007252	0	21.991	148.916
OG0007265	0	96.787	362.716
OG0007274	0	18.884	123.695
OG0007281	0	82.825	315.638
OG0007282	0	79.002	329.395
OG0007294	0	22.653	133.054
OG0007300	0	51.361	237.559
OG0007306	0	18.432	128.685
OG0007317	0	67.461	312.410
OG0007319	0	59.313	261.814
OG0007322	0	25.856	139.595
OG0007339	0	75.542	315.716
OG0007342	0	26.834	140.295
OG0007346	0	30.450	194.504
OG0007347	0	67.329	287.333
OG0007348	0	99.792	397.823
OG0007349	0	26.082	139.559
OG0007354	0	21.913	150.891
OG0007363	0	20.303	160.011
OG0007387	0	17.299	143.430
OG0007388	0	167.325	540.602
OG0007389	0	46.032	260.888
OG0007402	0	102.884	367.134
OG0007404	0	34.803	199.513
OG0007408	0	23.962	165.667
OG0007413	0	35.474	191.102
OG0007421	0	12.350	102.354
OG0007427	0	29.335	149.732
OG0007428	0	19.937	131.364
OG0007430	0	32.078	181.090
OG0007439	0	26.906	158.580
OG0007456	0	94.061	362.227
OG0007477	0	23.421	146.565
OG0007497	0	39.482	229.810
OG0007503	0	140.378	510.246
OG0007529	0	112.477	473.481
OG0007540	0	27.017	165.953
OG0007609	0	30.130	189.674
OG0007628	0	48.171	234.793
OG0007638	0	18.841	147.157
