OG0000678	0	104.375	295.660
OG0000717	0	98.948	208.561
OG0000994	0	91.076	240.400
OG0001028	0	52.850	209.066
OG0001058	0	869.803	1989.361
OG0001129	0	110.855	330.098
OG0001164	0	110.333	386.220
OG0001191	0	204.520	579.186
OG0001224	0	96.974	344.559
OG0001299	0	221.531	731.889
OG0001355	0	431.742	1014.351
OG0001356	0	325.318	691.600
OG0001376	0	521.015	1089.243
OG0001416	0	51.022	415.706
OG0001440	0	348.212	773.545
OG0001441	0	440.825	1117.229
OG0001458	0	83.721	432.600
OG0001509	0	1168.081	2454.406
OG0001554	0	11.639	155.548
OG0001561	0	66.829	311.875
OG0001569	0	251.820	1120.794
OG0001593	0	52.981	256.750
OG0001620	0	344.355	897.515
OG0001636	0	172.430	1074.062
OG0001663	0	357.078	1293.406
OG0001674	0	84.085	426.000
OG0001676	0	143.946	478.688
OG0001697	0	188.832	763.394
OG0001704	0	22.426	324.710
OG0001705	0	30.243	399.812
OG0001714	0	20.411	101.710
OG0001715	0	266.255	675.765
OG0001723	0	134.631	415.156
OG0001732	0	29.698	157.367
OG0001736	0	94.144	436.677
OG0001737	0	568.778	1502.030
OG0001738	0	136.159	562.515
OG0001758	0	61.944	258.871
OG0001759	0	395.024	314.543
OG0001761	0	40.363	227.161
OG0001765	0	63.486	216.323
OG0001772	0	35.268	340.118
OG0001779	0	97.379	313.966
OG0001811	0	75.492	280.742
OG0001815	0	210.519	944.600
OG0001822	0	346.443	986.194
OG0001824	0	1587.233	4633.862
OG0001825	0	1286.878	2823.000
OG0001827	0	17.710	213.767
OG0001828	0	193.614	1526.968
OG0001833	0	16.563	630.000
OG0001839	0	25.032	132.000
OG0001841	0	210.278	652.645
OG0001843	0	60.421	508.966
OG0001845	0	100.864	391.903
OG0001846	0	14.123	523.806
OG0001851	0	65.853	475.100
OG0001861	0	36.572	433.935
OG0001862	0	417.362	1159.767
OG0001864	0	121.457	434.969
OG0001866	0	297.214	946.690
OG0001867	0	109.925	661.355
OG0001873	0	36.721	219.172
OG0001874	0	38.209	231.069
OG0001876	0	266.824	697.781
OG0001877	0	737.085	1728.097
OG0001879	0	40.789	381.515
OG0001881	0	59.796	506.516
OG0001882	0	145.170	703.645
OG0001889	0	368.847	1048.387
OG0001895	0	42.719	219.607
OG0001897	0	38.380	267.897
OG0001900	0	210.436	823.656
OG0001901	0	226.368	758.750
OG0001902	0	60.031	211.600
OG0001904	0	55.375	223.062
OG0001911	0	138.000	574.967
OG0001913	0	146.254	961.148
OG0001924	0	155.970	532.344
OG0001926	0	198.231	695.214
OG0001927	0	77.030	550.000
OG0001928	0	139.339	644.172
OG0001932	0	87.363	370.875
OG0001933	0	380.925	1160.167
OG0001937	0	36.916	581.576
OG0001938	0	64.552	314.533
OG0001940	0	158.209	647.667
OG0001952	0	50.525	348.625
OG0001963	0	52.994	268.129
OG0001967	0	95.820	467.258
OG0001970	0	25.520	392.966
OG0001971	0	25.137	296.344
OG0001974	0	61.513	370.889
OG0001976	0	38.706	352.097
OG0001977	0	55.453	386.345
OG0001981	0	45.350	378.207
OG0001983	0	57.138	425.484
OG0001985	0	107.944	321.276
OG0001987	0	46.343	282.200
OG0001988	0	140.543	728.345
OG0001989	0	87.697	611.094
OG0001991	0	49.831	255.900
OG0001992	0	318.721	924.588
OG0001993	0	115.993	339.700
OG0001994	0	34.332	217.312
OG0001997	0	26.941	161.419
OG0001998	0	105.781	516.690
OG0001999	0	87.373	399.433
OG0002006	0	52.136	278.464
OG0002008	0	48.881	399.893
OG0002010	0	300.843	915.194
OG0002013	0	25.226	297.345
OG0002018	0	86.810	475.345
OG0002019	0	15.254	515.276
OG0002021	0	104.064	451.621
OG0002022	0	74.309	416.586
OG0002025	0	23.826	419.655
OG0002026	0	7.243	329.593
OG0002028	0	80.374	413.138
OG0002029	0	60.784	632.897
OG0002030	0	48.434	356.441
OG0002033	0	69.456	392.690
OG0002035	0	174.523	557.129
OG0002036	0	67.332	324.323
OG0002037	0	72.440	279.188
OG0002039	0	158.065	727.233
OG0002042	0	67.160	374.552
OG0002045	0	38.714	265.938
OG0002046	0	127.653	780.367
OG0002048	0	133.943	587.138
OG0002050	0	180.697	960.548
OG0002051	0	17.127	131.419
OG0002053	0	99.288	564.966
OG0002054	0	13.903	245.276
OG0002055	0	86.221	402.258
OG0002056	0	81.772	267.786
OG0002057	0	47.405	371.267
OG0002058	0	202.251	455.676
OG0002060	0	33.333	191.375
OG0002061	0	144.599	682.500
OG0002064	0	224.029	1017.867
OG0002065	0	99.887	502.194
OG0002066	0	10.341	91.966
OG0002067	0	29.767	323.556
OG0002068	0	75.635	381.000
OG0002069	0	101.332	643.552
OG0002071	0	279.242	963.367
OG0002072	0	12.479	561.935
OG0002074	0	190.079	791.774
OG0002075	0	201.235	748.871
OG0002076	0	79.860	579.700
OG0002080	0	32.191	562.414
OG0002081	0	319.319	1182.724
OG0002082	0	103.507	362.812
OG0002083	0	478.068	1909.069
OG0002085	0	19.649	303.967
OG0002089	0	216.478	984.467
OG0002090	0	512.714	1375.862
OG0002092	0	100.607	477.414
OG0002093	0	75.077	653.645
OG0002094	0	53.760	372.333
OG0002098	0	54.214	183.074
OG0002100	0	16.697	252.375
OG0002102	0	5.881	484.867
OG0002103	0	63.881	388.655
OG0002104	0	10.101	275.645
OG0002107	0	55.951	320.200
OG0002108	0	178.366	722.000
OG0002110	0	10.275	194.967
OG0002112	0	122.903	794.781
OG0002113	0	84.023	454.774
OG0002115	0	203.069	930.172
OG0002118	0	290.762	952.379
OG0002121	0	604.429	1600.156
OG0002124	0	11.411	281.071
OG0002126	0	73.441	354.393
OG0002128	0	94.049	476.581
OG0002129	0	30.155	271.000
OG0002132	0	28.282	152.844
OG0002133	0	153.805	740.724
OG0002134	0	587.020	1339.281
OG0002136	0	43.015	295.267
OG0002137	0	64.608	398.968
OG0002139	0	83.661	400.742
OG0002142	0	54.863	454.000
OG0002143	0	93.379	441.765
OG0002144	0	344.265	758.545
OG0002147	0	20.582	218.781
OG0002151	0	27.564	122.483
OG0002152	0	51.934	349.533
OG0002153	0	15.864	263.103
OG0002156	0	117.685	539.226
OG0002158	0	372.892	1064.303
OG0002159	0	87.834	428.606
OG0002161	0	314.370	1801.310
OG0002162	0	157.702	817.533
OG0002163	0	103.290	725.414
OG0002164	0	139.024	639.966
OG0002166	0	8.217	179.767
OG0002168	0	60.712	250.533
OG0002170	0	48.318	347.414
OG0002171	0	195.841	657.733
OG0002205	0	185.371	671.500
OG0002206	0	172.339	715.625
OG0002207	0	17.666	250.897
OG0002208	0	104.739	534.276
OG0002209	0	90.404	394.036
OG0002211	0	51.281	163.731
OG0002212	0	61.348	492.500
OG0002214	0	469.087	1648.000
OG0002215	0	227.714	749.643
OG0002216	0	429.321	1196.758
OG0002217	0	184.684	423.111
OG0002218	0	108.234	452.931
OG0002219	0	39.840	257.143
OG0002223	0	141.961	635.167
OG0002224	0	36.839	362.926
OG0002226	0	22.128	507.393
OG0002227	0	57.462	396.788
OG0002228	0	107.307	473.125
OG0002231	0	184.138	942.444
OG0002234	0	545.200	1577.900
OG0002235	0	33.332	166.500
OG0002236	0	286.255	1088.185
OG0002237	0	56.441	388.607
OG0002238	0	144.665	1001.310
OG0002239	0	582.126	1669.393
OG0002241	0	42.966	238.179
OG0002242	0	31.621	258.714
OG0002243	0	38.949	301.862
OG0002244	0	88.970	361.733
OG0002246	0	69.298	416.464
OG0002247	0	39.146	574.821
OG0002248	0	80.822	263.679
OG0002249	0	199.358	955.643
OG0002250	0	28.461	139.400
OG0002252	0	5.787	186.100
OG0002253	0	41.281	445.103
OG0002255	0	102.615	470.567
OG0002256	0	74.145	436.333
OG0002257	0	22.208	334.700
OG0002261	0	274.563	1249.484
OG0002263	0	419.554	1691.964
OG0002264	0	61.998	263.138
OG0002266	0	63.294	362.467
OG0002268	0	153.399	957.536
OG0002269	0	26.451	346.321
OG0002272	0	112.782	663.464
OG0002273	0	187.697	1010.552
OG0002274	0	182.694	607.429
OG0002277	0	98.111	598.138
OG0002278	0	401.155	733.552
OG0002279	0	103.326	551.000
OG0002280	0	156.119	737.148
OG0002281	0	210.559	607.871
OG0002282	0	31.221	254.214
OG0002283	0	77.446	419.645
OG0002284	0	42.972	468.111
OG0002285	0	15.039	431.655
OG0002286	0	97.151	521.567
OG0002287	0	179.854	818.931
OG0002288	0	7.841	224.414
OG0002289	0	148.809	856.067
OG0002290	0	160.362	611.100
OG0002291	0	22.169	483.034
OG0002292	0	105.935	421.286
OG0002293	0	88.270	586.111
OG0002294	0	22.998	164.444
OG0002295	0	11.361	128.621
OG0002297	0	165.439	914.964
OG0002298	0	94.005	614.250
OG0002299	0	58.020	477.788
OG0002302	0	31.915	215.214
OG0002303	0	159.503	697.143
OG0002304	0	43.152	278.036
OG0002305	0	7.046	110.000
OG0002306	0	22.088	147.034
OG0002307	0	49.380	337.179
OG0002308	0	31.447	875.286
OG0002309	0	73.676	431.143
OG0002310	0	4.364	325.630
OG0002311	0	167.866	982.296
OG0002312	0	73.990	372.724
OG0002313	0	232.974	746.500
OG0002314	0	23.769	308.036
OG0002315	0	386.565	1993.357
OG0002316	0	414.681	1328.000
OG0002318	0	46.141	294.500
OG0002319	0	94.787	520.893
OG0002321	0	15.266	141.903
OG0002322	0	149.781	691.621
OG0002324	0	13.815	136.071
OG0002325	0	121.078	561.871
OG0002327	0	46.546	295.933
OG0002328	0	35.504	254.793
OG0002329	0	261.797	742.433
OG0002330	0	25.914	422.000
OG0002331	0	178.495	645.000
OG0002334	0	314.707	1130.733
OG0002336	0	92.904	280.862
OG0002337	0	45.736	394.700
OG0002338	0	264.754	971.786
OG0002339	0	49.942	307.964
OG0002340	0	7.982	258.433
OG0002341	0	31.853	544.571
OG0002342	0	58.007	444.724
OG0002343	0	40.048	282.552
OG0002344	0	43.650	263.321
OG0002345	0	34.042	502.037
OG0002346	0	106.961	758.964
OG0002347	0	54.120	449.679
OG0002348	0	228.636	1236.071
OG0002349	0	46.481	262.935
OG0002353	0	113.314	653.250
OG0002355	0	19.612	221.200
OG0002356	0	30.942	237.556
OG0002357	0	25.618	361.103
OG0002358	0	110.537	275.756
OG0002359	0	208.961	716.321
OG0002360	0	58.851	452.103
OG0002363	0	42.272	487.345
OG0002364	0	23.867	187.370
OG0002365	0	14.883	347.929
OG0002366	0	49.281	372.321
OG0002368	0	16.821	482.414
OG0002371	0	70.060	313.069
OG0002373	0	111.098	482.061
OG0002374	0	92.775	485.000
OG0002378	0	28.352	312.071
OG0002379	0	47.585	254.179
OG0002380	0	8.112	106.222
OG0002381	0	30.360	231.500
OG0002382	0	73.051	388.273
OG0002383	0	68.362	485.448
OG0002384	0	25.581	200.067
OG0002385	0	122.832	447.500
OG0002386	0	23.342	441.966
OG0002387	0	131.372	573.167
OG0002388	0	567.512	1794.857
OG0002389	0	160.318	716.000
OG0002390	0	61.050	211.645
OG0002391	0	21.144	218.226
OG0002392	0	189.985	771.000
OG0002393	0	41.594	282.172
OG0002394	0	232.809	1042.586
OG0002395	0	154.191	578.414
OG0002396	0	15.705	168.071
OG0002397	0	52.939	456.393
OG0002399	0	194.326	794.774
OG0002401	0	88.454	467.032
OG0002402	0	26.174	460.179
OG0002404	0	51.995	430.214
OG0002405	0	85.493	491.968
OG0002406	0	70.532	509.679
OG0002407	0	38.488	501.931
OG0002408	0	222.170	967.552
OG0002409	0	103.486	427.828
OG0002410	0	127.508	543.143
OG0002411	0	153.062	441.306
OG0002412	0	38.588	472.393
OG0002413	0	144.642	973.500
OG0002414	0	6.248	211.500
OG0002415	0	119.230	764.036
OG0002417	0	8.980	373.852
OG0002418	0	147.027	871.414
OG0002419	0	13.987	365.630
OG0002420	0	333.743	1104.931
OG0002421	0	174.072	707.129
OG0002423	0	44.711	108.815
OG0002425	0	69.202	921.821
OG0002427	0	44.468	317.393
OG0002428	0	201.250	921.552
OG0002429	0	19.623	271.143
OG0002431	0	29.525	233.500
OG0002432	0	8.989	148.000
OG0002433	0	72.650	611.724
OG0002434	0	153.694	944.074
OG0002436	0	86.682	568.593
OG0002437	0	65.872	337.786
OG0002438	0	10.901	255.310
OG0002441	0	24.606	203.786
OG0002442	0	31.779	227.200
OG0002443	0	9.998	175.571
OG0002444	0	75.719	622.655
OG0002445	0	20.093	170.222
OG0002447	0	15.960	154.231
OG0002448	0	4.051	106.885
OG0002449	0	30.475	299.562
OG0002450	0	358.708	1056.645
OG0002451	0	205.984	1042.893
OG0002453	0	47.367	431.129
OG0002454	0	39.694	190.276
OG0002455	0	7.495	190.500
OG0002456	0	61.855	417.929
OG0002457	0	51.706	269.750
OG0002458	0	36.690	312.296
OG0002459	0	13.406	166.828
OG0002460	0	17.416	243.500
OG0002461	0	151.993	800.379
OG0002462	0	117.437	875.286
OG0002463	0	27.540	696.679
OG0002464	0	85.939	675.871
OG0002465	0	13.434	317.571
OG0002467	0	77.293	217.690
OG0002468	0	598.287	2573.517
OG0002469	0	59.724	324.778
OG0002470	0	26.541	225.900
OG0002471	0	5.596	139.567
OG0002473	0	18.723	123.143
OG0002475	0	47.798	828.179
OG0002477	0	317.503	1079.062
OG0002478	0	153.856	495.148
OG0002479	0	460.073	1413.793
OG0002480	0	206.251	616.118
OG0002482	0	107.012	665.250
OG0002483	0	48.655	305.852
OG0002484	0	42.852	208.697
OG0002485	0	21.364	361.714
OG0002486	0	5.695	98.321
OG0002487	0	41.481	300.111
OG0002488	0	21.625	155.481
OG0002489	0	55.475	616.750
OG0002490	0	35.355	447.333
OG0002491	0	50.061	234.935
OG0002492	0	65.556	273.900
OG0002493	0	35.407	221.966
OG0002495	0	141.802	776.724
OG0002497	0	10.599	237.069
OG0002498	0	25.134	190.533
OG0002499	0	1.860	134.571
OG0002500	0	76.046	338.897
OG0002502	0	12.974	141.407
OG0002505	0	24.977	375.179
OG0002506	0	19.980	232.815
OG0002507	0	86.696	226.250
OG0002508	0	48.397	277.692
OG0002509	0	71.464	412.774
OG0002510	0	41.867	341.179
OG0002511	0	11.741	174.185
OG0002512	0	96.229	558.370
OG0002514	0	45.107	366.429
OG0002515	0	12.248	116.111
OG0002516	0	19.023	167.000
OG0002518	0	14.418	95.556
OG0002519	0	82.491	458.414
OG0002520	0	212.224	652.448
OG0002521	0	95.647	518.536
OG0002522	0	75.691	295.643
OG0002523	0	178.928	776.594
OG0002525	0	36.161	242.833
OG0002526	0	137.565	778.036
OG0002527	0	17.463	126.774
OG0002528	0	377.835	1004.036
OG0002529	0	58.590	397.107
OG0002531	0	36.412	181.464
OG0002532	0	10.055	189.276
OG0002534	0	26.176	226.893
OG0002535	0	224.300	800.414
OG0002536	0	34.267	509.552
OG0002539	0	52.825	275.821
OG0002540	0	192.625	673.250
OG0002543	0	37.502	382.862
OG0002544	0	179.084	765.433
OG0002545	0	35.815	599.929
OG0002546	0	19.300	136.821
OG0002549	0	58.533	566.893
OG0002550	0	37.190	285.467
OG0002552	0	177.944	758.065
OG0002553	0	9.964	95.071
OG0002555	0	52.599	299.938
OG0002556	0	28.782	225.069
OG0002557	0	43.169	268.828
OG0002558	0	104.874	425.839
OG0002559	0	61.916	290.036
OG0002560	0	32.127	197.643
OG0002561	0	37.303	349.926
OG0002562	0	169.304	941.750
OG0002564	0	27.385	717.214
OG0002565	0	13.600	206.893
OG0002566	0	82.083	484.500
OG0002567	0	41.648	257.607
OG0002568	0	37.305	327.800
OG0002570	0	108.426	672.367
OG0002571	0	39.473	522.143
OG0002572	0	73.827	354.800
OG0002573	0	45.670	314.267
OG0002574	0	85.123	359.586
OG0002578	0	47.945	391.871
OG0002580	0	3.711	154.759
OG0002582	0	29.481	209.630
OG0002583	0	17.196	156.714
OG0002584	0	104.060	428.576
OG0002585	0	21.238	103.857
OG0002586	0	37.414	435.885
OG0002587	0	38.598	290.464
OG0002590	0	88.237	410.655
OG0002591	0	215.770	928.552
OG0002592	0	7.156	191.444
OG0002593	0	20.427	248.379
OG0002594	0	34.048	186.429
OG0002595	0	7.409	143.964
OG0002596	0	56.350	340.031
OG0002597	0	63.023	335.714
OG0002599	0	86.771	426.750
OG0002600	0	11.764	226.393
OG0002601	0	38.245	166.370
OG0002602	0	377.232	1179.344
OG0002603	0	106.172	610.963
OG0002604	0	68.365	421.679
OG0002605	0	116.479	561.759
OG0002606	0	1.416	190.321
OG0002607	0	90.898	412.103
OG0002609	0	101.762	429.107
OG0002610	0	82.892	608.929
OG0002614	0	256.251	904.000
OG0002621	0	124.678	486.069
OG0002624	0	30.612	504.690
OG0002625	0	102.747	272.586
OG0002629	0	17.232	334.448
OG0002634	0	9.310	141.393
OG0002648	0	55.377	215.269
OG0002649	0	41.158	741.538
OG0002650	0	28.177	250.893
OG0002651	0	13.140	162.296
OG0002652	0	33.626	1361.407
OG0002653	0	91.178	394.704
OG0002654	0	41.921	654.621
OG0002655	0	21.320	501.231
OG0002656	0	64.920	415.519
OG0002657	0	14.371	300.786
OG0002658	0	59.957	336.556
OG0002659	0	92.117	764.500
OG0002660	0	48.638	795.222
OG0002661	0	263.947	820.258
OG0002662	0	4.682	424.074
OG0002663	0	20.174	222.808
OG0002664	0	89.973	515.714
OG0002665	0	118.405	531.321
OG0002666	0	26.791	204.519
OG0002667	0	254.857	806.933
OG0002669	0	42.443	302.963
OG0002670	0	40.959	248.000
OG0002671	0	101.158	786.581
OG0002672	0	30.290	469.630
OG0002673	0	42.236	356.074
OG0002674	0	43.346	483.536
OG0002677	0	39.119	633.308
OG0002678	0	150.758	292.625
OG0002679	0	149.168	684.200
OG0002680	0	92.463	527.615
OG0002682	0	104.219	431.097
OG0002683	0	19.746	182.346
OG0002686	0	80.632	473.038
OG0002687	0	181.324	953.154
OG0002688	0	9.236	468.259
OG0002690	0	25.180	282.593
OG0002691	0	112.388	690.107
OG0002692	0	59.353	273.962
OG0002693	0	3.385	204.077
OG0002694	0	6.772	275.815
OG0002696	0	21.781	499.519
OG0002697	0	11.142	202.815
OG0002698	0	38.204	213.852
OG0002699	0	41.696	481.222
OG0002700	0	45.765	272.481
OG0002702	0	55.759	485.276
OG0002704	0	37.932	388.385
OG0002705	0	50.669	206.355
OG0002706	0	111.928	410.148
OG0002707	0	365.240	1300.655
OG0002708	0	29.056	288.192
OG0002710	0	52.402	534.964
OG0002711	0	134.428	425.741
OG0002712	0	19.762	526.185
OG0002714	0	68.182	331.069
OG0002715	0	31.086	190.692
OG0002716	0	12.010	327.519
OG0002717	0	27.686	326.852
OG0002718	0	19.098	217.852
OG0002720	0	204.933	879.615
OG0002721	0	64.415	311.548
OG0002722	0	557.716	1791.517
OG0002724	0	119.361	831.630
OG0002725	0	38.692	244.036
OG0002726	0	32.969	190.926
OG0002727	0	65.644	476.370
OG0002728	0	16.328	311.444
OG0002729	0	7.918	90.346
OG0002730	0	173.434	504.643
OG0002732	0	4.222	292.586
OG0002733	0	23.013	476.148
OG0002734	0	26.645	898.143
OG0002735	0	48.612	322.034
OG0002737	0	41.950	434.481
OG0002738	0	33.533	464.630
OG0002739	0	36.654	307.778
OG0002740	0	1.286	115.444
OG0002743	0	10.467	121.926
OG0002744	0	206.225	820.750
OG0002745	0	77.847	402.346
OG0002746	0	25.056	196.429
OG0002747	0	32.745	206.321
OG0002750	0	5.838	267.630
OG0002751	0	26.646	375.464
OG0002752	0	20.034	554.037
OG0002753	0	39.874	222.393
OG0002754	0	117.581	661.000
OG0002755	0	58.538	436.273
OG0002756	0	3.555	251.741
OG0002758	0	26.898	728.630
OG0002759	0	19.850	363.630
OG0002760	0	98.772	780.667
OG0002761	0	64.224	559.926
OG0002762	0	20.155	504.185
OG0002764	0	22.206	342.185
OG0002765	0	72.253	439.679
OG0002766	0	11.741	132.000
OG0002767	0	22.543	245.519
OG0002768	0	54.335	985.429
OG0002769	0	14.647	189.556
OG0002770	0	32.136	394.519
OG0002771	0	32.355	243.321
OG0002772	0	40.106	230.815
OG0002774	0	127.711	435.828
OG0002776	0	21.573	1113.857
OG0002777	0	11.140	234.111
OG0002778	0	196.444	1157.786
OG0002779	0	18.483	497.185
OG0002780	0	99.070	457.741
OG0002781	0	81.456	583.750
OG0002782	0	69.999	436.846
OG0002783	0	21.542	260.259
OG0002784	0	36.860	445.857
OG0002785	0	99.795	623.103
OG0002786	0	143.284	900.815
OG0002789	0	80.762	338.407
OG0002791	0	483.182	1406.211
OG0002792	0	171.159	652.033
OG0002793	0	19.799	366.815
OG0002794	0	39.689	283.926
OG0002795	0	24.831	213.733
OG0002798	0	0.266	68.923
OG0002799	0	11.517	238.038
OG0002800	0	8.478	259.222
OG0002801	0	29.091	217.750
OG0002802	0	123.095	550.400
OG0002803	0	13.560	208.280
OG0002805	0	97.248	540.483
OG0002806	0	21.760	175.857
OG0002807	0	18.454	396.808
OG0002808	0	51.599	836.000
OG0002809	0	1.771	349.889
OG0002810	0	25.102	543.556
OG0002811	0	25.809	242.280
OG0002813	0	38.722	163.241
OG0002814	0	53.277	353.607
OG0002815	0	10.780	611.286
OG0002816	0	23.557	238.080
OG0002817	0	71.075	512.077
OG0002818	0	105.946	443.067
OG0002819	0	61.565	371.111
OG0002820	0	35.902	245.821
OG0002821	0	27.480	195.407
OG0002823	0	136.920	584.115
OG0002824	0	136.912	687.750
OG0002825	0	234.693	937.871
OG0002826	0	20.204	828.704
OG0002830	0	136.138	289.667
OG0002831	0	35.024	602.222
OG0002832	0	21.994	309.259
OG0002833	0	68.851	225.132
OG0002834	0	47.221	229.483
OG0002835	0	29.459	233.821
OG0002837	0	8.455	109.630
OG0002838	0	87.729	511.862
OG0002839	0	27.049	618.519
OG0002840	0	30.353	172.345
OG0002841	0	39.251	823.148
OG0002842	0	30.018	240.963
OG0002844	0	75.240	432.036
OG0002845	0	99.391	391.071
OG0002846	0	0.744	506.963
OG0002847	0	1.500	214.500
OG0002849	0	21.528	501.481
OG0002850	0	31.293	151.107
OG0002851	0	58.353	307.704
OG0002854	0	191.848	892.741
OG0002855	0	60.001	465.857
OG0002856	0	16.825	269.724
OG0002857	0	295.355	1397.630
OG0002858	0	53.765	272.296
OG0002859	0	120.542	456.125
OG0002860	0	69.259	397.556
OG0002861	0	251.076	1082.138
OG0002863	0	59.794	244.179
OG0002864	0	102.650	518.833
OG0002866	0	29.824	519.963
OG0002867	0	20.950	185.333
OG0002869	0	21.661	313.926
OG0002870	0	30.169	239.536
OG0002873	0	42.743	285.556
OG0002875	0	45.757	424.308
OG0002877	0	22.770	520.111
OG0002878	0	204.992	665.414
OG0002879	0	142.068	626.448
OG0002880	0	41.862	260.815
OG0002881	0	217.619	503.000
OG0002882	0	134.220	432.345
OG0002883	0	3.050	82.654
OG0002884	0	16.885	191.964
OG0002886	0	56.858	274.679
OG0002887	0	85.708	677.370
OG0002888	0	38.812	930.037
OG0002889	0	4.017	189.296
OG0002891	0	37.840	236.630
OG0002893	0	297.983	937.097
OG0002894	0	25.506	405.889
OG0002895	0	26.859	182.407
OG0002898	0	27.484	323.862
OG0002900	0	137.874	1004.296
OG0002901	0	82.668	465.964
OG0002902	0	15.614	482.407
OG0002903	0	45.728	221.429
OG0002904	0	73.698	448.852
OG0002905	0	56.170	338.741
OG0002906	0	8.074	254.333
OG0002907	0	5.822	95.160
OG0002908	0	36.271	355.103
OG0002909	0	130.903	531.750
OG0002910	0	30.464	856.296
OG0002911	0	30.801	729.148
OG0002912	0	26.323	1026.000
OG0002913	0	155.877	1023.357
OG0002914	0	17.686	200.148
OG0002915	0	15.427	401.000
OG0002916	0	60.474	343.194
OG0002917	0	84.808	498.577
OG0002918	0	25.815	204.111
OG0002920	0	65.001	379.148
OG0002921	0	39.056	458.296
OG0002922	0	29.817	241.481
OG0002924	0	18.032	213.607
OG0002925	0	117.231	487.433
OG0002926	0	16.085	883.704
OG0002927	0	5.783	80.154
OG0002928	0	16.642	528.607
OG0002929	0	9.965	214.357
OG0002930	0	6.295	117.385
OG0002931	0	229.210	1406.407
OG0002932	0	4.684	378.630
OG0002933	0	298.524	1264.414
OG0002934	0	16.490	138.000
OG0002935	0	125.828	867.179
OG0002936	0	61.150	391.560
OG0002937	0	378.251	1197.107
OG0002938	0	11.539	407.037
OG0002940	0	52.670	232.556
OG0002941	0	22.566	179.222
OG0002942	0	38.713	147.061
OG0002943	0	28.566	149.679
OG0002944	0	12.396	184.593
OG0002945	0	68.117	422.556
OG0002946	0	2.694	174.333
OG0002947	0	334.168	1523.379
OG0002948	0	44.471	502.926
OG0002949	0	46.365	407.963
OG0002950	0	102.023	570.357
OG0002952	0	18.168	315.630
OG0002953	0	72.881	361.893
OG0002954	0	18.161	131.448
OG0002955	0	183.643	590.613
OG0002956	0	67.517	388.111
OG0002957	0	18.774	143.481
OG0002958	0	133.953	983.143
OG0002959	0	56.848	522.464
OG0002960	0	60.129	320.192
OG0002961	0	51.417	272.357
OG0002962	0	4.009	418.000
OG0002964	0	77.055	338.556
OG0002965	0	43.927	738.889
OG0002967	0	42.604	285.379
OG0002968	0	41.281	414.704
OG0002970	0	22.820	365.889
OG0002971	0	21.368	194.679
OG0002972	0	13.825	996.370
OG0002973	0	67.959	397.034
OG0002974	0	11.030	126.111
OG0002975	0	20.219	216.852
OG0002976	0	174.234	557.061
OG0002977	0	41.380	310.143
OG0002978	0	92.978	386.655
OG0002979	0	86.874	539.357
OG0002980	0	3.716	108.393
OG0002981	0	11.600	101.286
OG0002982	0	6.946	174.800
OG0002983	0	67.584	344.700
OG0002984	0	97.448	533.929
OG0002985	0	14.389	288.500
OG0002986	0	25.629	239.148
OG0002987	0	61.752	187.074
OG0002988	0	138.012	736.536
OG0002989	0	69.811	469.667
OG0002990	0	26.151	274.115
OG0002991	0	222.932	993.630
OG0002992	0	25.038	482.500
OG0002993	0	120.104	407.536
OG0002994	0	61.580	369.259
OG0002996	0	15.947	457.385
OG0002997	0	85.590	425.148
OG0002998	0	37.369	393.962
OG0002999	0	24.919	372.630
OG0003001	0	40.077	308.963
OG0003002	0	89.288	1446.185
OG0003003	0	95.782	1006.296
OG0003004	0	35.696	266.231
OG0003005	0	62.536	248.296
OG0003006	0	63.299	431.062
OG0003007	0	27.800	694.519
OG0003008	0	22.810	177.077
OG0003011	0	36.631	272.667
OG0003012	0	11.740	564.857
OG0003013	0	148.031	392.286
OG0003014	0	20.575	482.704
OG0003015	0	39.294	298.704
OG0003017	0	18.355	153.407
OG0003018	0	38.994	258.704
OG0003019	0	21.553	735.214
OG0003020	0	27.057	1133.704
OG0003021	0	57.190	729.393
OG0003023	0	88.838	505.571
OG0003024	0	438.707	2041.964
OG0003025	0	9.034	384.346
OG0003026	0	148.543	632.963
OG0003027	0	32.971	421.500
OG0003028	0	26.456	200.679
OG0003029	0	164.587	1944.630
OG0003030	0	4.821	434.704
OG0003031	0	18.479	152.615
OG0003033	0	73.167	448.630
OG0003035	0	7.965	151.963
OG0003036	0	35.413	671.926
OG0003037	0	12.979	457.192
OG0003038	0	74.533	429.172
OG0003039	0	72.473	666.148
OG0003041	0	57.355	398.704
OG0003042	0	18.331	231.538
OG0003043	0	48.964	420.103
OG0003044	0	16.859	186.593
OG0003045	0	33.042	252.385
OG0003046	0	11.545	141.444
OG0003047	0	20.583	349.741
OG0003048	0	20.849	631.077
OG0003049	0	237.972	953.625
OG0003050	0	17.854	383.630
OG0003051	0	47.269	397.966
OG0003053	0	47.340	328.700
OG0003054	0	91.205	565.000
OG0003055	0	74.628	406.571
OG0003056	0	28.776	475.630
OG0003057	0	23.077	539.037
OG0003059	0	45.699	377.069
OG0003063	0	40.134	193.704
OG0003064	0	15.554	272.333
OG0003066	0	127.661	753.679
OG0003068	0	30.758	228.750
OG0003069	0	151.134	1034.107
OG0003072	0	106.041	559.966
OG0003074	0	28.554	196.714
OG0003076	0	55.639	632.000
OG0003077	0	22.661	298.296
OG0003078	0	69.093	480.759
OG0003079	0	25.461	407.893
OG0003080	0	9.844	226.407
OG0003081	0	49.855	599.556
OG0003082	0	38.635	246.720
OG0003083	0	168.314	695.483
OG0003084	0	23.816	260.115
OG0003085	0	17.188	245.630
OG0003086	0	88.426	391.346
OG0003087	0	9.923	135.593
OG0003088	0	51.107	457.481
OG0003089	0	61.287	281.185
OG0003090	0	345.928	953.129
OG0003091	0	18.148	115.778
OG0003092	0	33.424	349.667
OG0003093	0	5.245	203.222
OG0003094	0	48.917	152.857
OG0003096	0	22.299	258.500
OG0003097	0	147.177	599.036
OG0003098	0	7.772	194.963
OG0003099	0	29.208	308.500
OG0003100	0	16.099	332.038
OG0003101	0	299.348	1089.552
OG0003102	0	22.638	304.654
OG0003103	0	24.282	466.926
OG0003104	0	172.304	346.586
OG0003106	0	17.358	350.148
OG0003107	0	72.325	362.259
OG0003108	0	69.008	404.821
OG0003109	0	1.035	165.077
OG0003112	0	111.900	663.821
OG0003113	0	192.418	1312.862
OG0003114	0	23.192	465.074
OG0003115	0	8.779	105.037
OG0003116	0	24.980	250.240
OG0003117	0	29.168	741.778
OG0003118	0	103.470	367.000
OG0003119	0	64.999	334.778
OG0003120	0	187.226	1182.233
OG0003121	0	38.844	254.964
OG0003122	0	40.120	279.111
OG0003125	0	99.175	451.100
OG0003126	0	403.381	1288.931
OG0003127	0	97.364	794.448
OG0003128	0	95.326	546.429
OG0003129	0	51.227	272.071
OG0003130	0	16.591	317.667
OG0003131	0	2.857	173.800
OG0003132	0	38.077	318.259
OG0003133	0	53.946	453.857
OG0003135	0	31.966	384.222
OG0003136	0	79.040	338.433
OG0003137	0	4.234	104.000
OG0003138	0	60.326	466.481
OG0003140	0	31.810	360.407
OG0003141	0	123.471	540.154
OG0003142	0	117.903	562.893
OG0003143	0	71.518	467.000
OG0003144	0	334.632	1105.567
OG0003145	0	267.787	1140.971
OG0003147	0	45.915	482.926
OG0003148	0	66.438	1011.500
OG0003149	0	32.176	516.346
OG0003150	0	25.695	240.704
OG0003152	0	57.863	468.154
OG0003153	0	121.588	802.968
OG0003155	0	32.875	363.000
OG0003156	0	64.812	420.923
OG0003157	0	17.242	236.520
OG0003158	0	21.135	161.346
OG0003159	0	19.043	190.423
OG0003160	0	8.526	1221.407
OG0003161	0	40.383	261.714
OG0003162	0	296.570	1025.516
OG0003163	0	28.809	288.462
OG0003164	0	26.917	278.667
OG0003165	0	33.627	169.593
OG0003166	0	19.363	143.148
OG0003167	0	74.125	352.345
OG0003168	0	74.278	496.821
OG0003170	0	19.760	509.571
OG0003171	0	7.528	282.370
OG0003172	0	127.651	213.103
OG0003174	0	51.726	1124.741
OG0003175	0	115.475	1172.345
OG0003176	0	30.076	182.414
OG0003177	0	74.223	323.154
OG0003178	0	33.781	233.167
OG0003179	0	28.475	308.846
OG0003180	0	17.895	208.346
OG0003182	0	68.897	932.630
OG0003183	0	155.192	861.118
OG0003184	0	67.814	112.538
OG0003186	0	121.405	237.857
OG0003187	0	197.786	567.133
OG0003188	0	49.457	525.962
OG0003189	0	18.821	352.556
OG0003190	0	2.547	129.480
OG0003191	0	110.277	598.107
OG0003192	0	19.664	166.630
OG0003193	0	68.375	512.741
OG0003194	0	121.669	622.276
OG0003195	0	33.920	802.481
OG0003198	0	174.184	1182.571
OG0003200	0	91.073	430.654
OG0003201	0	18.828	111.179
OG0003202	0	98.729	572.000
OG0003203	0	67.927	345.929
OG0003204	0	10.543	109.923
OG0003205	0	178.607	862.414
OG0003206	0	17.535	191.143
OG0003207	0	16.404	390.000
OG0003208	0	43.599	590.519
OG0003209	0	8.798	270.885
OG0003210	0	169.345	259.444
OG0003211	0	12.352	324.296
OG0003212	0	16.857	431.667
OG0003213	0	23.583	340.704
OG0003214	0	19.806	468.960
OG0003215	0	75.844	445.321
OG0003216	0	11.835	228.438
OG0003217	0	5.542	228.821
OG0003218	0	48.620	285.933
OG0003219	0	16.508	558.296
OG0003220	0	39.033	450.077
OG0003221	0	43.738	187.103
OG0003224	0	26.306	269.655
OG0003225	0	71.294	372.037
OG0003226	0	25.238	305.000
OG0003227	0	33.422	451.423
OG0003228	0	112.771	352.893
OG0003229	0	23.365	625.000
OG0003230	0	130.172	699.333
OG0003233	0	181.924	764.815
OG0003234	0	185.715	339.000
OG0003235	0	71.313	549.778
OG0003236	0	147.368	484.500
OG0003237	0	62.416	359.429
OG0003238	0	5.158	175.862
OG0003239	0	43.634	343.786
OG0003240	0	47.209	284.536
OG0003241	0	17.877	166.519
OG0003242	0	92.717	555.321
OG0003243	0	249.596	758.033
OG0003244	0	29.041	263.500
OG0003245	0	71.359	300.800
OG0003246	0	14.521	156.821
OG0003247	0	44.473	651.846
OG0003249	0	48.934	400.143
OG0003250	0	170.293	801.323
OG0003251	0	19.617	207.786
OG0003252	0	24.800	127.778
OG0003253	0	12.800	375.929
OG0003255	0	31.655	301.071
OG0003257	0	134.227	583.400
OG0003258	0	77.167	406.929
OG0003259	0	120.361	1014.862
OG0003260	0	43.025	230.630
OG0003261	0	46.901	240.793
OG0003262	0	74.454	389.964
OG0003263	0	28.951	617.111
OG0003264	0	29.249	104.000
OG0003265	0	147.616	681.893
OG0003266	0	484.685	1495.724
OG0003267	0	379.233	1631.276
OG0003268	0	33.115	144.036
OG0003269	0	6.275	95.893
OG0003270	0	154.295	1055.929
OG0003271	0	15.070	331.786
OG0003272	0	68.082	547.926
OG0003273	0	60.548	450.667
OG0003274	0	55.681	468.643
OG0003275	0	64.791	443.536
OG0003276	0	84.988	728.074
OG0003277	0	120.691	570.444
OG0003278	0	54.107	280.655
OG0003279	0	26.610	236.214
OG0003280	0	11.831	156.963
OG0003282	0	270.043	807.531
OG0003283	0	24.183	325.370
OG0003284	0	29.333	192.966
OG0003285	0	15.292	339.333
OG0003286	0	74.082	418.036
OG0003287	0	72.059	178.423
OG0003288	0	24.350	305.630
OG0003289	0	15.608	307.786
OG0003290	0	41.328	613.037
OG0003291	0	77.564	473.222
OG0003292	0	139.773	1347.893
OG0003293	0	54.820	336.269
OG0003295	0	10.758	272.519
OG0003296	0	12.256	998.704
OG0003297	0	40.879	234.846
OG0003298	0	180.688	625.710
OG0003299	0	40.177	321.889
OG0003300	0	12.815	148.333
OG0003301	0	19.648	197.148
OG0003302	0	26.935	302.333
OG0003303	0	71.698	401.679
OG0003304	0	70.990	483.276
OG0003305	0	20.333	211.321
OG0003306	0	18.318	325.897
OG0003307	0	3.084	120.481
OG0003308	0	114.265	643.483
OG0003309	0	11.685	324.593
OG0003310	0	18.671	203.077
OG0003311	0	36.284	307.704
OG0003312	0	1.593	113.000
OG0003313	0	104.122	497.962
OG0003314	0	37.128	636.143
OG0003315	0	6.332	177.786
OG0003316	0	29.417	298.607
OG0003317	0	12.336	152.464
OG0003318	0	27.103	282.148
OG0003319	0	24.038	131.654
OG0003321	0	13.662	301.148
OG0003322	0	7.139	146.429
OG0003323	0	127.885	622.194
OG0003324	0	10.047	276.115
OG0003325	0	4.098	138.821
OG0003326	0	88.343	281.071
OG0003328	0	184.953	458.741
OG0003329	0	18.121	228.320
OG0003330	0	4.957	137.038
OG0003331	0	42.829	457.630
OG0003332	0	15.307	131.370
OG0003333	0	58.081	653.889
OG0003334	0	28.505	410.222
OG0003336	0	94.638	558.821
OG0003338	0	52.821	229.407
OG0003339	0	15.553	123.963
OG0003340	0	45.967	248.379
OG0003341	0	26.974	295.250
OG0003343	0	3.557	130.133
OG0003344	0	12.761	137.407
OG0003345	0	96.195	500.889
OG0003346	0	73.335	301.846
OG0003347	0	8.925	222.481
OG0003348	0	118.937	471.933
OG0003350	0	29.811	649.889
OG0003351	0	22.160	229.259
OG0003352	0	47.223	293.259
OG0003353	0	63.496	437.000
OG0003354	0	26.385	335.963
OG0003355	0	35.873	389.037
OG0003356	0	31.723	238.038
OG0003357	0	11.404	266.148
OG0003359	0	35.500	296.821
OG0003360	0	8.532	279.704
OG0003361	0	43.365	426.438
OG0003362	0	18.539	258.333
OG0003364	0	30.125	251.276
OG0003365	0	60.837	482.233
OG0003366	0	21.980	377.630
OG0003367	0	55.017	978.444
OG0003368	0	37.017	355.407
OG0003369	0	38.601	493.296
OG0003370	0	30.647	771.222
OG0003371	0	30.546	419.185
OG0003372	0	86.503	461.808
OG0003373	0	49.503	280.556
OG0003374	0	680.828	1888.900
OG0003375	0	44.942	405.071
OG0003376	0	20.944	212.214
OG0003377	0	55.671	314.259
OG0003378	0	90.335	790.222
OG0003380	0	74.293	723.607
OG0003381	0	27.168	277.593
OG0003382	0	14.554	521.852
OG0003383	0	16.171	383.286
OG0003385	0	298.617	1265.621
OG0003386	0	2.754	219.481
OG0003387	0	17.538	532.111
OG0003388	0	127.665	659.037
OG0003389	0	31.173	206.462
OG0003390	0	73.038	631.857
OG0003391	0	58.206	688.148
OG0003392	0	64.050	358.931
OG0003393	0	8.395	275.111
OG0003394	0	14.174	151.630
OG0003395	0	67.684	433.143
OG0003396	0	31.195	146.815
OG0003397	0	80.741	400.800
OG0003398	0	191.476	655.000
OG0003399	0	18.631	180.074
OG0003400	0	67.365	323.893
OG0003401	0	22.824	428.222
OG0003402	0	150.914	590.800
OG0003403	0	67.442	392.103
OG0003404	0	54.684	287.607
OG0003405	0	38.350	325.333
OG0003406	0	47.525	302.115
OG0003407	0	49.228	418.444
OG0003408	0	32.490	417.037
OG0003409	0	10.849	348.704
OG0003410	0	11.223	288.036
OG0003411	0	42.436	450.077
OG0003412	0	80.855	306.346
OG0003413	0	149.195	791.111
OG0003414	0	72.001	368.185
OG0003415	0	15.746	314.880
OG0003417	0	16.680	172.308
OG0003418	0	22.134	350.852
OG0003419	0	13.060	166.462
OG0003420	0	63.172	614.107
OG0003421	0	79.211	742.759
OG0003422	0	18.721	212.778
OG0003425	0	243.986	1196.828
OG0003426	0	54.721	113.440
OG0003427	0	75.740	196.667
OG0003428	0	27.480	237.037
OG0003430	0	44.019	287.000
OG0003432	0	220.070	1184.037
OG0003433	0	73.493	320.586
OG0003434	0	22.276	543.333
OG0003435	0	56.599	271.207
OG0003438	0	28.192	274.889
OG0003439	0	315.465	1132.964
OG0003440	0	587.460	1731.793
OG0003442	0	76.383	372.778
OG0003443	0	37.271	165.207
OG0003444	0	67.380	453.577
OG0003448	0	60.822	460.185
OG0003449	0	71.557	698.185
OG0003450	0	37.771	245.269
OG0003451	0	27.071	234.667
OG0003452	0	28.828	441.074
OG0003453	0	123.837	509.500
OG0003454	0	35.520	257.769
OG0003455	0	2.236	312.808
OG0003456	0	63.177	507.321
OG0003458	0	9.927	305.500
OG0003459	0	80.383	426.556
OG0003460	0	165.872	747.621
OG0003461	0	106.903	476.000
OG0003462	0	58.675	270.719
OG0003463	0	12.253	309.000
OG0003464	0	15.903	212.250
OG0003466	0	27.380	241.630
OG0003468	0	7.015	553.556
OG0003469	0	709.802	673.966
OG0003470	0	23.438	873.250
OG0003471	0	18.706	393.148
OG0003472	0	49.030	417.704
OG0003473	0	248.790	975.586
OG0003474	0	59.979	360.300
OG0003475	0	72.915	561.000
OG0003476	0	49.265	469.222
OG0003477	0	32.988	1205.630
OG0003478	0	144.474	399.250
OG0003479	0	42.215	437.310
OG0003480	0	133.690	2290.074
OG0003481	0	20.446	206.111
OG0003482	0	98.054	469.034
OG0003483	0	145.619	634.033
OG0003484	0	42.903	546.296
OG0003489	0	47.447	220.519
OG0003490	0	184.311	654.677
OG0003491	0	15.232	242.161
OG0003492	0	123.586	175.714
OG0003493	0	168.900	756.071
OG0003494	0	2.715	414.963
OG0003495	0	17.077	380.630
OG0003496	0	26.117	198.643
OG0003497	0	20.330	515.821
OG0003498	0	10.544	92.423
OG0003499	0	142.841	640.897
OG0003500	0	24.017	650.889
OG0003501	0	21.311	353.370
OG0003502	0	266.243	1270.667
OG0003503	0	44.558	321.786
OG0003504	0	18.924	232.500
OG0003505	0	68.231	585.148
OG0003506	0	25.313	455.393
OG0003507	0	33.772	251.630
OG0003508	0	68.638	545.037
OG0003509	0	25.025	436.481
OG0003510	0	30.562	164.259
OG0003513	0	21.633	179.926
OG0003514	0	39.071	285.697
OG0003515	0	89.890	345.286
OG0003516	0	51.676	483.074
OG0003518	0	18.054	208.593
OG0003519	0	27.108	324.370
OG0003520	0	35.718	726.593
OG0003521	0	102.887	529.462
OG0003522	0	120.025	690.179
OG0003523	0	19.857	469.815
OG0003524	0	533.030	1224.400
OG0003525	0	100.636	522.577
OG0003526	0	19.668	126.040
OG0003527	0	34.312	865.071
OG0003528	0	47.675	300.310
OG0003529	0	18.992	212.778
OG0003530	0	13.575	150.931
OG0003531	0	61.875	208.280
OG0003532	0	11.087	117.923
OG0003533	0	28.414	231.370
OG0003534	0	76.517	436.379
OG0003535	0	155.680	576.567
OG0003537	0	14.933	149.259
OG0003539	0	101.077	712.074
OG0003541	0	2.587	96.111
OG0003542	0	29.090	253.308
OG0003543	0	4.855	81.370
OG0003544	0	14.770	184.926
OG0003545	0	21.293	376.107
OG0003546	0	23.465	331.226
OG0003547	0	119.097	543.800
OG0003548	0	145.463	515.065
OG0003549	0	79.967	663.143
OG0003550	0	19.254	407.741
OG0003551	0	16.593	208.231
OG0003552	0	43.195	279.519
OG0003553	0	126.954	916.852
OG0003554	0	26.233	260.741
OG0003555	0	142.863	650.552
OG0003556	0	32.659	255.667
OG0003557	0	81.115	918.630
OG0003558	0	62.296	707.630
OG0003559	0	147.755	766.593
OG0003560	0	59.710	544.379
OG0003561	0	82.960	548.857
OG0003563	0	86.873	408.655
OG0003565	0	6.900	125.621
OG0003566	0	35.191	341.033
OG0003568	0	176.594	530.643
OG0003569	0	246.042	824.355
OG0003571	0	42.661	229.214
OG0003572	0	54.490	189.769
OG0003573	0	5.318	459.296
OG0003574	0	119.140	699.462
OG0003575	0	8.252	291.462
OG0003576	0	12.985	527.444
OG0003577	0	98.981	579.500
OG0003578	0	25.657	269.074
OG0003579	0	183.746	934.667
OG0003581	0	41.312	565.963
OG0003582	0	372.864	1089.400
OG0003583	0	21.945	572.741
OG0003584	0	6.177	434.185
OG0003585	0	14.729	406.643
OG0003586	0	24.054	534.370
OG0003587	0	12.101	136.154
OG0003588	0	116.476	278.154
OG0003589	0	18.809	348.133
OG0003590	0	9.684	907.926
OG0003591	0	248.764	244.844
OG0003592	0	64.633	406.852
OG0003593	0	21.696	459.462
OG0003594	0	9.060	257.423
OG0003595	0	55.651	304.897
OG0003596	0	146.248	860.821
OG0003597	0	55.630	413.828
OG0003598	0	92.372	507.893
OG0003599	0	78.399	354.806
OG0003600	0	17.691	314.370
OG0003601	0	7.510	206.600
OG0003603	0	11.544	564.074
OG0003604	0	97.266	921.000
OG0003605	0	34.703	313.571
OG0003606	0	50.034	367.037
OG0003607	0	16.926	286.000
OG0003609	0	28.813	355.259
OG0003610	0	50.969	379.630
OG0003618	0	109.421	550.704
OG0003623	0	85.181	564.407
OG0003625	0	94.261	680.889
OG0003629	0	49.559	403.286
OG0003633	0	61.433	342.286
OG0003637	0	35.432	224.852
OG0003638	0	112.029	401.857
OG0003641	0	32.089	178.593
OG0003642	0	11.918	109.964
OG0003644	0	2.690	107.852
OG0003657	0	382.512	1167.379
OG0003659	0	7.804	142.880
OG0003660	0	93.403	482.893
OG0003661	0	16.167	201.560
OG0003662	0	127.544	543.286
OG0003663	0	54.103	366.615
OG0003664	0	48.928	353.808
OG0003665	0	30.648	197.154
OG0003671	0	245.975	698.310
OG0003673	0	23.639	250.577
OG0003676	0	111.223	495.407
OG0003678	0	37.828	287.840
OG0003679	0	122.590	656.038
OG0003681	0	66.997	304.923
OG0003684	0	52.495	400.296
OG0003685	0	141.497	1026.885
OG0003686	0	20.737	238.231
OG0003690	0	11.668	115.360
OG0003691	0	24.945	417.269
OG0003693	0	16.923	130.034
OG0003694	0	15.626	214.600
OG0003695	0	69.199	374.519
OG0003697	0	24.349	202.423
OG0003699	0	76.729	453.200
OG0003700	0	58.797	331.462
OG0003703	0	27.795	1065.885
OG0003705	0	9.565	109.280
OG0003706	0	175.057	885.074
OG0003708	0	26.804	264.538
OG0003709	0	90.147	587.815
OG0003710	0	143.521	583.923
OG0003712	0	26.260	229.963
OG0003714	0	62.837	759.923
OG0003715	0	54.324	591.222
OG0003717	0	302.430	1259.731
OG0003719	0	72.482	497.560
OG0003720	0	27.098	216.040
OG0003722	0	301.004	940.500
OG0003725	0	37.614	326.519
OG0003726	0	27.173	218.839
OG0003727	0	27.799	274.556
OG0003729	0	20.466	439.444
OG0003732	0	59.867	322.556
OG0003733	0	66.531	277.750
OG0003734	0	29.862	247.400
OG0003735	0	2.455	139.115
OG0003739	0	62.759	498.600
OG0003740	0	64.645	477.037
OG0003742	0	31.755	236.036
OG0003743	0	21.535	222.560
OG0003745	0	11.690	288.120
OG0003748	0	66.002	411.000
OG0003749	0	17.506	175.519
OG0003750	0	47.226	1011.538
OG0003752	0	74.909	768.192
OG0003753	0	33.215	186.704
OG0003754	0	75.669	750.077
OG0003755	0	18.326	460.385
OG0003756	0	37.792	395.654
OG0003757	0	86.994	715.000
OG0003759	0	12.592	131.600
OG0003760	0	14.938	121.480
OG0003761	0	5.115	128.423
OG0003765	0	25.435	231.926
OG0003766	0	95.551	689.519
OG0003768	0	49.724	226.821
OG0003772	0	35.718	411.815
OG0003773	0	17.550	168.407
OG0003777	0	91.907	316.250
OG0003778	0	19.691	207.960
OG0003779	0	36.769	592.769
OG0003781	0	223.404	1427.037
OG0003782	0	24.951	304.500
OG0003783	0	7.861	177.769
OG0003786	0	87.414	526.667
OG0003789	0	143.085	817.857
OG0003791	0	87.008	429.385
OG0003794	0	56.350	212.065
OG0003795	0	35.019	228.038
OG0003796	0	35.430	674.038
OG0003798	0	13.388	194.192
OG0003799	0	30.475	415.423
OG0003800	0	14.761	136.154
OG0003802	0	93.748	447.607
OG0003804	0	37.910	238.000
OG0003805	0	106.143	837.000
OG0003809	0	54.624	305.885
OG0003810	0	70.869	258.800
OG0003812	0	140.402	622.000
OG0003813	0	36.454	798.962
OG0003815	0	25.133	288.741
OG0003816	0	199.419	898.769
OG0003819	0	3.066	90.280
OG0003822	0	25.392	909.385
OG0003824	0	27.857	740.630
OG0003829	0	66.805	465.571
OG0003831	0	64.288	453.320
OG0003832	0	32.887	322.480
OG0003833	0	82.087	485.214
OG0003834	0	213.349	657.321
OG0003836	0	55.579	392.037
OG0003839	0	13.023	177.640
OG0003840	0	24.034	211.720
OG0003844	0	16.490	432.192
OG0003849	0	75.526	315.115
OG0003852	0	28.066	303.192
OG0003854	0	68.456	305.444
OG0003855	0	176.108	788.241
OG0003857	0	53.936	289.207
OG0003858	0	177.826	731.138
OG0003860	0	3.125	96.077
OG0003861	0	146.294	962.148
OG0003863	0	77.666	164.160
OG0003864	0	44.162	311.370
OG0003865	0	52.140	313.077
OG0003868	0	25.136	148.308
OG0003869	0	76.382	448.889
OG0003870	0	11.731	349.346
OG0003871	0	78.226	445.069
OG0003872	0	15.604	162.320
OG0003873	0	14.044	118.077
OG0003875	0	63.668	579.643
OG0003876	0	78.801	370.893
OG0003878	0	52.895	336.821
OG0003879	0	98.706	710.821
OG0003880	0	83.039	560.704
OG0003882	0	179.314	824.607
OG0003883	0	144.323	504.815
OG0003884	0	187.762	486.129
OG0003885	0	95.535	524.538
OG0003886	0	74.016	578.615
OG0003887	0	52.504	392.519
OG0003889	0	5.494	120.115
OG0003892	0	107.334	480.385
OG0003893	0	104.144	741.115
OG0003894	0	13.227	215.360
OG0003895	0	139.846	666.929
OG0003898	0	43.207	205.885
OG0003899	0	33.041	398.538
OG0003900	0	91.135	512.519
OG0003901	0	20.398	169.000
OG0003902	0	24.470	128.444
OG0003903	0	46.940	275.000
OG0003904	0	25.341	184.778
OG0003906	0	43.197	285.615
OG0003912	0	20.027	324.231
OG0003913	0	166.675	468.889
OG0003914	0	30.728	339.680
OG0003915	0	21.619	236.308
OG0003916	0	113.761	547.815
OG0003919	0	16.914	413.192
OG0003921	0	94.740	476.154
OG0003922	0	43.247	383.000
OG0003926	0	3.637	244.077
OG0003929	0	33.492	166.769
OG0003932	0	185.153	740.935
OG0003933	0	22.210	164.185
OG0003934	0	11.893	94.520
OG0003935	0	39.447	104.704
OG0003938	0	13.734	129.500
OG0003940	0	41.692	256.667
OG0003942	0	136.528	841.800
OG0003945	0	28.987	230.320
OG0003946	0	18.632	305.923
OG0003947	0	50.098	223.133
OG0003952	0	22.779	256.462
OG0003953	0	81.227	456.704
OG0003956	0	11.828	146.154
OG0003958	0	152.001	656.800
OG0003960	0	66.424	620.680
OG0003961	0	50.637	274.185
OG0003962	0	45.942	401.720
OG0003965	0	34.764	241.192
OG0003966	0	21.640	314.000
OG0003967	0	18.742	187.655
OG0003968	0	76.069	762.385
OG0003969	0	14.905	147.179
OG0003970	0	136.141	770.889
OG0003971	0	19.909	124.308
OG0003972	0	43.040	244.615
OG0003974	0	7.144	226.000
OG0003975	0	51.896	280.923
OG0003978	0	49.912	740.679
OG0003979	0	54.207	479.769
OG0003980	0	10.263	94.538
OG0003981	0	34.787	304.231
OG0003982	0	15.498	318.231
OG0003988	0	209.962	836.480
OG0003989	0	15.483	121.840
OG0003991	0	97.460	555.667
OG0003993	0	122.647	952.423
OG0003995	0	19.809	275.654
OG0003996	0	49.336	253.346
OG0003998	0	70.612	274.000
OG0003999	0	37.799	143.269
OG0004003	0	13.646	226.680
OG0004005	0	67.054	365.520
OG0004006	0	40.662	201.538
OG0004008	0	322.345	1119.655
OG0004009	0	105.103	433.929
OG0004011	0	224.311	968.179
OG0004012	0	85.368	609.808
OG0004014	0	114.000	295.103
OG0004016	0	18.774	124.000
OG0004019	0	144.501	531.000
OG0004020	0	3.901	120.321
OG0004021	0	16.359	196.615
OG0004022	0	36.647	243.552
OG0004025	0	10.876	104.828
OG0004026	0	150.967	489.517
OG0004031	0	135.900	472.267
OG0004032	0	16.432	127.423
OG0004034	0	35.803	347.296
OG0004035	0	61.085	424.231
OG0004036	0	48.986	363.821
OG0004037	0	33.270	295.889
OG0004038	0	10.577	159.444
OG0004039	0	144.869	659.367
OG0004040	0	24.578	880.231
OG0004041	0	71.891	571.444
OG0004043	0	115.180	446.667
OG0004044	0	530.511	1391.429
OG0004045	0	5.323	101.037
OG0004046	0	20.347	166.800
OG0004047	0	165.673	878.630
OG0004050	0	18.640	249.615
OG0004052	0	14.404	327.462
OG0004055	0	24.154	376.080
OG0004056	0	31.245	282.346
OG0004057	0	77.524	552.360
OG0004059	0	23.127	373.037
OG0004060	0	22.133	104.444
OG0004064	0	33.490	157.407
OG0004065	0	8.832	118.400
OG0004066	0	2.078	71.200
OG0004068	0	48.217	150.346
OG0004071	0	15.178	175.160
OG0004072	0	310.672	550.900
OG0004073	0	14.309	121.964
OG0004075	0	215.738	827.926
OG0004077	0	6.222	216.115
OG0004078	0	7.217	113.400
OG0004085	0	13.993	143.556
OG0004087	0	31.557	156.160
OG0004088	0	27.449	273.962
OG0004090	0	10.732	116.160
OG0004091	0	22.077	321.923
OG0004097	0	146.409	658.692
OG0004100	0	262.091	819.407
OG0004101	0	148.674	761.500
OG0004104	0	116.747	658.500
OG0004105	0	102.389	698.481
OG0004112	0	155.807	536.815
OG0004113	0	80.008	731.038
OG0004115	0	86.390	565.692
OG0004116	0	89.724	360.500
OG0004121	0	21.833	620.960
OG0004123	0	64.343	408.923
OG0004124	0	62.832	317.077
OG0004128	0	51.546	474.923
OG0004132	0	43.506	416.500
OG0004133	0	72.461	392.556
OG0004136	0	60.967	358.538
OG0004137	0	32.527	294.385
OG0004140	0	35.581	246.423
OG0004143	0	18.197	214.308
OG0004144	0	28.638	220.467
OG0004145	0	15.725	156.800
OG0004148	0	9.642	111.800
OG0004149	0	2.093	124.370
OG0004177	0	170.854	694.077
OG0004179	0	78.389	344.222
OG0004187	0	44.678	361.560
OG0004189	0	21.899	302.731
OG0004191	0	30.738	486.923
OG0004194	0	50.121	289.680
OG0004199	0	82.830	587.720
OG0004205	0	16.260	376.920
OG0004206	0	34.997	279.240
OG0004208	0	25.434	259.520
OG0004211	0	29.680	251.520
OG0004212	0	93.995	529.370
OG0004223	0	18.200	346.077
OG0004224	0	16.545	270.680
OG0004230	0	18.189	128.040
OG0004235	0	102.013	1317.040
OG0004236	0	31.205	888.400
OG0004237	0	21.052	231.200
OG0004238	0	16.265	164.440
OG0004239	0	18.277	244.160
OG0004240	0	124.986	605.269
OG0004247	0	41.182	580.200
OG0004251	0	65.022	641.920
OG0004252	0	41.076	292.520
OG0004257	0	22.452	296.536
OG0004258	0	50.056	567.040
OG0004259	0	38.388	1023.840
OG0004263	0	17.140	486.231
OG0004265	0	57.137	276.692
OG0004274	0	121.903	1046.480
OG0004275	0	366.160	1913.760
OG0004280	0	78.646	489.769
OG0004295	0	33.395	469.615
OG0004296	0	262.148	1155.750
OG0004299	0	26.267	270.160
OG0004314	0	42.650	315.960
OG0004327	0	25.472	598.880
OG0004330	0	56.076	626.480
OG0004335	0	45.625	306.154
OG0004338	0	35.862	607.920
OG0004339	0	21.815	246.320
OG0004365	0	13.054	137.560
OG0004368	0	15.608	250.000
OG0004373	0	13.600	121.360
OG0004374	0	174.254	955.500
OG0004378	0	97.124	422.000
OG0004380	0	33.102	372.179
OG0004382	0	34.697	208.885
OG0004385	0	89.928	681.231
OG0004392	0	8.983	292.160
OG0004404	0	38.503	199.680
OG0004405	0	152.936	663.080
OG0004413	0	52.332	225.893
OG0004417	0	28.347	328.120
OG0004419	0	54.033	258.720
OG0004429	0	70.946	202.259
OG0004430	0	158.492	610.481
OG0004432	0	32.503	515.040
OG0004437	0	6.224	184.269
OG0004440	0	13.966	206.240
OG0004442	0	51.054	319.640
OG0004448	0	27.763	349.840
OG0004451	0	21.687	329.000
OG0004453	0	50.053	449.154
OG0004456	0	141.425	478.679
OG0004457	0	23.184	394.926
OG0004458	0	16.547	333.630
OG0004459	0	218.948	634.143
OG0004462	0	62.425	328.462
OG0004479	0	63.552	647.692
OG0004482	0	55.969	411.400
OG0004484	0	156.525	2554.440
OG0004488	0	79.305	369.923
OG0004493	0	26.617	227.040
OG0004496	0	20.506	313.440
OG0004501	0	47.731	286.600
OG0004525	0	59.233	490.692
OG0004534	0	18.218	537.259
OG0004536	0	79.789	369.500
OG0004544	0	42.161	337.640
OG0004556	0	12.677	189.231
OG0004559	0	17.774	205.077
OG0004560	0	34.196	182.120
OG0004566	0	7.688	122.640
OG0004567	0	11.696	108.640
