OG0006093	0	303.746	779.038
OG0006557	0	131.135	464.398
OG0006564	0	125.535	413.764
OG0006569	0	83.266	337.258
OG0006570	0	123.247	329.819
OG0006594	0	124.071	374.974
OG0006613	0	156.007	555.512
OG0006619	0	170.281	484.853
OG0006621	0	86.573	254.639
OG0006663	0	193.082	641.150
OG0006772	0	238.160	534.266
OG0006956	0	239.197	689.864
OG0006965	0	82.397	306.414
OG0006997	0	151.618	445.882
OG0007009	0	125.458	418.337
OG0007029	0	85.061	351.285
OG0007031	0	129.054	461.326
OG0007049	0	67.216	279.445
OG0007080	0	126.137	389.922
OG0007087	0	148.451	455.618
OG0007097	0	67.546	280.601
OG0007103	0	292.259	773.867
OG0007109	0	101.754	378.746
OG0007140	0	54.007	271.368
OG0007174	0	148.588	456.182
OG0007179	0	119.879	374.755
OG0007189	0	212.806	630.215
OG0007201	0	92.495	342.228
OG0007205	0	60.818	256.575
OG0007211	0	379.844	1120.293
OG0007212	0	91.786	319.939
OG0007221	0	111.926	378.915
OG0007228	0	48.528	221.021
OG0007240	0	103.727	324.191
OG0007251	0	153.208	452.112
OG0007286	0	76.151	278.117
OG0007305	0	131.798	497.881
OG0007377	0	282.687	792.834
OG0007384	0	116.506	430.566
OG0007394	0	168.417	598.762
OG0007400	0	226.067	631.957
OG0007414	0	53.345	243.573
OG0007415	0	361.636	1072.576
OG0007432	0	134.306	455.383
OG0007443	0	188.224	517.257
OG0007448	0	98.730	359.550
OG0007454	0	75.466	287.615
OG0007455	0	106.191	357.558
OG0007460	0	119.173	343.205
OG0007462	0	304.999	804.577
OG0007475	0	74.223	294.592
OG0007494	0	106.557	358.037
OG0007498	0	64.710	297.596
OG0007533	0	86.282	364.031
OG0007539	0	278.761	745.741
OG0007542	0	150.607	481.846
OG0007544	0	157.931	498.371
OG0007548	0	67.860	298.805
OG0007567	0	59.858	273.580
OG0007571	0	82.507	318.834
OG0007583	0	44.620	214.687
OG0007585	0	108.872	377.723
OG0007588	0	143.818	443.185
OG0007595	0	140.572	511.931
OG0007611	0	77.490	282.988
OG0007612	0	84.806	338.557
OG0007613	0	142.328	510.920
OG0007627	0	82.405	334.241
OG0007636	0	32.997	181.422
OG0007645	0	243.031	987.184
OG0007647	0	122.836	402.524
OG0007650	0	202.433	736.836
OG0007676	0	161.606	523.433
OG0007679	0	64.972	269.542
OG0007687	0	269.253	703.695
OG0007688	0	141.761	417.055
OG0007699	0	104.228	350.599
OG0007736	0	97.003	330.478
OG0007760	0	181.703	535.323
OG0007761	0	47.562	239.771
OG0007764	0	95.771	292.879
OG0007784	0	47.758	203.404
OG0007801	0	49.211	202.006
OG0007815	0	107.286	327.789
OG0007831	0	43.793	197.390
OG0007835	0	379.542	1153.916
OG0007848	0	123.365	392.005
OG0007858	0	55.739	226.939
OG0007859	0	102.838	385.722
OG0007860	0	115.692	458.888
OG0007872	0	86.219	358.189
OG0007888	0	152.913	493.845
OG0007893	0	202.621	541.228
OG0007894	0	44.276	213.365
OG0007895	0	70.462	302.728
OG0007899	0	119.986	390.190
OG0007901	0	63.193	246.889
OG0007903	0	275.419	771.541
OG0007904	0	120.374	442.349
OG0007905	0	86.031	379.268
OG0007944	0	80.787	314.440
OG0007953	0	40.282	187.387
OG0007959	0	142.159	456.103
OG0007962	0	128.595	465.680
OG0007965	0	35.157	176.877
OG0007971	0	63.792	294.513
OG0007973	0	85.165	333.023
OG0007988	0	162.608	495.118
OG0007989	0	111.414	367.711
OG0007990	0	154.690	474.302
OG0007992	0	36.520	182.816
OG0007996	0	209.445	664.329
OG0007999	0	51.874	240.935
OG0008016	0	55.106	235.879
OG0008019	0	69.791	329.496
OG0008021	0	44.274	201.433
OG0008023	0	51.080	221.826
OG0008027	0	103.040	368.149
OG0008028	0	48.779	227.533
OG0008035	0	67.717	306.358
OG0008041	0	123.231	431.016
OG0008042	0	59.961	263.650
OG0008047	0	58.831	270.520
OG0008052	0	51.952	222.842
OG0008056	0	36.989	212.798
OG0008065	0	96.247	351.430
OG0008077	0	37.704	177.761
OG0008081	0	83.928	343.314
OG0008089	0	104.404	437.761
OG0008090	0	128.860	426.322
OG0008096	0	120.835	410.269
OG0008098	0	91.496	376.325
OG0008099	0	196.877	527.711
OG0008103	0	98.552	408.814
OG0008105	0	73.852	281.681
OG0008106	0	70.260	279.026
OG0008109	0	162.427	535.134
OG0008110	0	145.647	551.954
OG0008113	0	70.952	315.849
OG0008115	0	106.456	407.474
OG0008118	0	90.705	354.354
OG0008119	0	83.433	378.335
OG0008121	0	117.481	439.541
OG0008139	0	124.843	399.776
OG0008141	0	53.520	233.896
OG0008148	0	127.047	435.199
OG0008150	0	65.052	251.891
OG0008155	0	50.508	229.236
OG0008163	0	152.272	534.683
OG0008167	0	75.297	284.745
OG0008171	0	283.922	901.826
OG0008176	0	108.971	465.769
OG0008184	0	117.020	379.916
OG0008188	0	106.029	339.807
OG0008191	0	158.028	462.727
OG0008195	0	40.065	216.454
OG0008204	0	143.274	449.006
OG0008206	0	60.645	289.038
OG0008209	0	90.014	297.411
OG0008213	0	77.797	301.577
OG0008215	0	92.531	322.907
OG0008217	0	153.921	512.193
OG0008225	0	179.254	481.330
OG0008229	0	99.653	380.747
OG0008230	0	30.585	218.069
OG0008232	0	170.251	498.710
OG0008233	0	133.519	473.096
OG0008234	0	34.831	201.877
OG0008235	0	206.689	704.912
OG0008236	0	96.537	383.844
OG0008238	0	262.194	761.422
OG0008240	0	54.518	250.826
OG0008252	0	61.117	253.160
OG0008253	0	76.039	319.461
OG0008257	0	96.891	384.534
OG0008259	0	116.530	389.229
OG0008260	0	100.943	384.366
OG0008261	0	90.872	307.497
OG0008262	0	133.567	430.271
OG0008263	0	126.402	432.327
OG0008267	0	111.916	385.616
OG0008271	0	56.075	274.351
OG0008273	0	67.972	283.638
OG0008277	0	84.942	317.963
OG0008292	0	66.717	279.198
OG0008294	0	85.096	359.788
OG0008295	0	39.219	216.689
OG0008303	0	63.375	269.548
OG0008305	0	82.731	332.632
OG0008315	0	74.948	317.951
OG0008326	0	31.658	168.568
OG0008327	0	91.511	343.649
OG0008328	0	130.178	424.008
OG0008329	0	104.299	360.305
OG0008331	0	31.064	182.724
OG0008332	0	74.814	295.818
OG0008333	0	87.482	368.631
OG0008337	0	103.961	447.363
OG0008340	0	45.878	246.781
OG0008353	0	52.269	243.792
OG0008354	0	55.249	243.195
OG0008359	0	73.431	332.492
OG0008360	0	112.967	407.568
OG0008362	0	55.152	229.890
OG0008364	0	86.920	322.710
OG0008366	0	32.902	176.019
OG0008367	0	39.171	172.663
OG0008370	0	126.028	453.470
OG0008371	0	67.776	286.855
OG0008372	0	46.599	220.717
OG0008374	0	57.923	265.700
OG0008375	0	95.477	405.310
OG0008377	0	110.442	356.440
OG0008380	0	52.598	287.660
OG0008382	0	115.403	407.397
OG0008383	0	82.877	301.000
OG0008386	0	153.176	539.616
OG0008387	0	193.434	538.677
OG0008388	0	62.336	265.911
OG0008390	0	44.007	224.083
OG0008391	0	23.765	176.543
OG0008393	0	125.708	432.742
OG0008394	0	77.104	296.433
OG0008400	0	76.797	350.134
OG0008401	0	102.605	487.583
OG0008402	0	70.918	373.194
OG0008403	0	47.041	231.082
OG0008405	0	99.741	350.705
OG0008406	0	87.496	389.867
OG0008407	0	41.571	209.143
OG0008410	0	91.577	382.889
OG0008413	0	57.835	238.919
OG0008414	0	174.396	505.147
OG0008415	0	141.579	409.287
OG0008430	0	88.910	380.312
OG0008431	0	64.810	277.254
OG0008433	0	51.596	237.343
OG0008434	0	97.280	350.411
OG0008435	0	59.332	282.011
OG0008437	0	164.276	527.288
OG0008438	0	128.631	423.642
OG0008440	0	71.673	306.365
OG0008444	0	120.148	425.305
OG0008445	0	93.098	334.837
OG0008446	0	43.728	203.167
OG0008448	0	80.321	321.157
OG0008449	0	101.751	373.695
OG0008451	0	51.503	246.089
OG0008452	0	75.311	284.767
OG0008454	0	110.992	393.921
OG0008456	0	83.867	339.918
OG0008463	0	39.979	215.841
OG0008466	0	141.094	522.223
OG0008467	0	160.701	507.300
OG0008470	0	72.455	359.016
OG0008471	0	58.666	288.422
OG0008473	0	118.521	397.975
OG0008476	0	57.754	259.395
OG0008477	0	66.175	271.717
OG0008481	0	114.261	448.027
OG0008484	0	157.276	536.479
OG0008485	0	171.020	535.718
OG0008487	0	53.991	234.786
OG0008488	0	38.859	176.484
OG0008489	0	132.064	423.731
OG0008497	0	91.108	346.195
OG0008500	0	98.688	406.476
OG0008501	0	14.803	122.523
OG0008502	0	45.937	201.339
OG0008504	0	88.593	331.218
OG0008507	0	65.350	264.118
OG0008508	0	68.275	318.661
OG0008511	0	47.087	236.218
OG0008512	0	51.658	230.673
OG0008514	0	104.819	403.896
OG0008522	0	82.361	267.781
OG0008524	0	76.526	322.870
OG0008525	0	11.579	103.510
OG0008527	0	29.052	186.011
OG0008528	0	62.677	286.401
OG0008530	0	38.775	197.845
OG0008531	0	70.335	336.191
OG0008532	0	152.965	564.387
OG0008533	0	48.573	226.901
OG0008535	0	206.363	597.224
OG0008536	0	127.326	423.949
OG0008539	0	120.819	403.186
OG0008540	0	140.325	500.728
OG0008547	0	101.560	340.991
OG0008554	0	33.257	184.603
OG0008555	0	33.641	163.172
OG0008556	0	119.301	400.546
OG0008558	0	21.037	121.649
OG0008564	0	45.442	216.127
OG0008566	0	62.807	276.916
OG0008569	0	58.276	240.904
OG0008571	0	209.146	734.437
OG0008572	0	112.438	424.159
OG0008575	0	249.182	744.370
OG0008577	0	30.244	204.736
OG0008579	0	136.087	539.133
OG0008582	0	56.623	247.467
OG0008585	0	47.030	213.462
OG0008586	0	36.068	201.077
OG0008587	0	34.953	226.674
OG0008590	0	117.353	345.108
OG0008591	0	113.676	413.268
OG0008593	0	75.293	342.659
OG0008597	0	141.136	429.669
OG0008601	0	97.894	328.596
OG0008604	0	52.234	224.753
OG0008606	0	55.259	255.402
OG0008608	0	59.112	239.890
OG0008611	0	108.816	400.750
OG0008612	0	63.659	265.098
OG0008620	0	19.577	137.561
OG0008621	0	132.673	515.142
OG0008625	0	99.430	388.472
OG0008627	0	133.552	452.908
OG0008629	0	169.930	456.279
OG0008631	0	79.136	321.877
OG0008633	0	64.354	289.652
OG0008636	0	155.848	586.291
OG0008640	0	29.164	193.856
OG0008643	0	76.378	311.746
OG0008645	0	42.531	208.557
OG0008646	0	55.538	260.091
OG0008648	0	66.257	312.908
OG0008651	0	52.592	277.167
OG0008657	0	105.889	434.050
OG0008661	0	38.778	202.923
OG0008663	0	53.277	222.801
OG0008665	0	20.363	130.719
OG0008673	0	84.986	311.965
OG0008675	0	63.026	270.638
OG0008686	0	170.570	558.180
OG0008687	0	62.752	274.114
OG0008689	0	83.543	317.449
OG0008694	0	70.532	299.974
OG0008696	0	56.604	217.871
OG0008700	0	67.625	292.604
OG0008703	0	41.823	199.411
OG0008706	0	81.626	369.558
OG0008709	0	162.907	500.170
OG0008711	0	56.493	233.803
OG0008716	0	100.782	390.095
OG0008718	0	133.343	468.734
OG0008720	0	203.558	670.056
OG0008722	0	94.976	365.185
OG0008723	0	77.347	293.609
OG0008724	0	55.010	232.993
OG0008725	0	63.357	253.101
OG0008727	0	74.519	306.571
OG0008728	0	59.986	268.656
OG0008730	0	19.813	123.188
OG0008731	0	51.366	246.573
OG0008733	0	13.547	109.216
OG0008738	0	214.528	643.407
OG0008740	0	60.623	252.071
OG0008743	0	99.094	381.924
OG0008745	0	78.393	293.027
OG0008746	0	132.828	458.056
OG0008748	0	128.735	547.167
OG0008749	0	108.170	364.728
OG0008751	0	119.072	400.944
OG0008752	0	42.475	211.542
OG0008754	0	233.171	655.549
OG0008756	0	61.350	253.152
OG0008761	0	111.730	332.024
OG0008763	0	32.391	165.827
OG0008764	0	33.385	211.872
OG0008770	0	117.705	414.718
OG0008771	0	37.689	189.176
OG0008775	0	136.053	447.968
OG0008777	0	43.005	215.338
OG0008778	0	48.441	226.033
OG0008781	0	68.230	291.325
OG0008782	0	159.252	490.266
OG0008784	0	71.669	309.174
OG0008791	0	47.307	235.647
OG0008793	0	83.009	337.753
OG0008794	0	77.131	326.274
OG0008800	0	127.090	430.941
OG0008801	0	48.611	257.799
OG0008804	0	35.276	205.307
OG0008805	0	67.242	267.600
OG0008806	0	69.688	277.273
OG0008807	0	197.809	628.701
OG0008808	0	87.713	320.522
OG0008810	0	34.174	180.554
OG0008811	0	76.086	298.248
OG0008812	0	27.041	158.987
OG0008814	0	14.381	104.486
OG0008817	0	117.133	409.222
OG0008819	0	110.919	474.458
OG0008822	0	135.363	391.342
OG0008823	0	62.929	236.273
OG0008824	0	27.393	155.718
OG0008826	0	38.507	206.120
OG0008827	0	34.277	194.243
OG0008831	0	61.506	270.589
OG0008834	0	20.434	169.925
OG0008835	0	43.903	213.756
OG0008841	0	68.391	245.456
OG0008843	0	156.372	575.956
OG0008852	0	294.630	813.818
OG0008853	0	29.450	165.318
OG0008856	0	80.517	317.483
OG0008857	0	90.835	318.853
OG0008858	0	125.388	464.883
OG0008859	0	42.441	202.577
OG0008860	0	111.087	437.376
OG0008861	0	72.231	296.471
OG0008864	0	32.107	210.557
OG0008867	0	106.791	380.861
OG0008869	0	51.612	220.310
OG0008873	0	57.140	264.117
OG0008875	0	23.584	133.342
OG0008876	0	110.735	450.100
OG0008882	0	81.055	295.858
OG0008886	0	86.656	379.797
OG0008888	0	69.074	288.186
OG0008891	0	65.778	240.029
OG0008900	0	54.991	239.787
OG0008903	0	96.943	377.305
OG0008904	0	86.772	332.241
OG0008909	0	39.412	214.128
OG0008910	0	35.042	185.420
OG0008912	0	62.351	285.946
OG0008914	0	128.930	531.303
OG0008915	0	32.787	193.292
OG0008922	0	28.774	154.566
OG0008923	0	101.751	442.220
OG0008925	0	77.324	326.595
OG0008926	0	59.067	275.912
OG0008928	0	137.825	573.696
OG0008931	0	79.511	334.279
OG0008935	0	41.477	218.729
OG0008937	0	31.758	194.640
OG0008938	0	40.930	231.209
OG0008947	0	20.581	128.594
OG0008951	0	79.663	318.900
OG0008952	0	94.584	339.518
OG0008958	0	87.343	343.553
OG0008959	0	36.518	184.267
OG0008961	0	101.781	369.852
OG0008964	0	27.329	182.417
OG0008967	0	56.524	242.071
OG0008974	0	51.604	215.837
OG0008976	0	44.780	228.786
OG0008977	0	22.832	135.880
OG0008978	0	41.282	209.035
OG0008979	0	49.137	213.437
OG0008982	0	74.982	309.797
OG0008984	0	59.058	286.050
OG0008985	0	106.898	382.600
OG0008994	0	66.911	250.961
OG0008996	0	39.301	204.184
OG0008998	0	64.151	284.078
OG0009000	0	41.622	227.068
OG0009001	0	26.690	147.459
OG0009008	0	63.585	275.666
OG0009010	0	43.477	217.130
OG0009011	0	60.208	370.354
OG0009014	0	60.026	278.287
OG0009017	0	113.968	438.970
OG0009018	0	134.228	591.632
OG0009019	0	107.534	406.068
OG0009021	0	59.697	301.928
OG0009022	0	41.795	211.184
OG0009026	0	34.186	202.981
OG0009032	0	39.568	212.706
OG0009033	0	98.174	289.373
OG0009037	0	36.367	236.072
OG0009038	0	20.659	164.822
OG0009039	0	35.368	187.656
OG0009041	0	77.498	331.445
OG0009042	0	44.374	217.587
OG0009043	0	60.010	258.480
OG0009044	0	26.875	148.247
OG0009045	0	37.098	209.717
OG0009048	0	75.987	317.336
OG0009054	0	29.246	171.819
OG0009055	0	77.669	370.370
OG0009056	0	43.754	195.460
OG0009057	0	13.117	105.793
OG0009060	0	20.130	110.564
OG0009061	0	98.768	375.318
OG0009066	0	63.839	282.475
OG0009071	0	69.186	298.092
OG0009076	0	159.232	554.755
OG0009080	0	50.140	232.523
OG0009081	0	30.229	172.060
OG0009083	0	98.468	401.212
OG0009084	0	203.037	634.792
OG0009085	0	52.232	234.424
OG0009089	0	57.168	255.414
OG0009094	0	117.124	436.309
OG0009095	0	59.046	250.140
OG0009096	0	119.532	491.965
OG0009105	0	38.534	210.079
OG0009109	0	40.343	204.431
OG0009114	0	156.868	651.866
OG0009115	0	19.493	135.035
OG0009116	0	28.998	150.261
OG0009117	0	20.835	149.621
OG0009118	0	103.064	375.240
OG0009121	0	52.073	238.671
OG0009123	0	47.319	199.592
OG0009124	0	81.121	410.184
OG0009127	0	48.043	252.780
OG0009133	0	41.136	198.322
OG0009135	0	34.172	188.017
OG0009137	0	40.194	195.326
OG0009162	0	21.691	150.841
OG0009163	0	45.745	255.011
OG0009164	0	17.116	121.126
OG0009170	0	25.056	141.605
OG0009173	0	149.395	515.994
OG0009177	0	33.704	198.203
OG0009181	0	37.689	228.566
OG0009191	0	64.167	267.657
OG0009197	0	65.097	288.640
OG0009201	0	91.231	377.213
OG0009202	0	54.340	273.216
OG0009203	0	27.826	169.836
OG0009211	0	12.711	117.901
OG0009216	0	59.228	256.363
OG0009217	0	24.797	165.106
OG0009218	0	47.573	235.487
OG0009220	0	50.700	254.422
OG0009224	0	36.367	197.242
OG0009226	0	23.651	170.518
OG0009238	0	84.758	323.735
OG0009241	0	65.681	283.376
OG0009250	0	12.277	98.532
OG0009252	0	28.984	173.242
OG0009255	0	61.471	310.993
OG0009258	0	19.972	161.076
OG0009261	0	46.737	251.995
OG0009286	0	19.738	147.200
OG0009291	0	26.555	158.338
OG0009297	0	35.140	196.266
OG0009304	0	18.294	156.514
OG0009305	0	25.833	168.783
OG0009306	0	65.173	312.602
OG0009308	0	139.153	507.684
OG0009313	0	36.259	197.816
OG0009316	0	31.708	196.317
OG0009335	0	44.516	186.478
OG0009358	0	20.010	130.125
OG0009368	0	97.651	375.925
OG0009369	0	27.549	194.812
OG0009380	0	29.564	183.183
OG0009401	0	21.384	148.530
OG0009416	0	19.216	142.792
OG0009434	0	19.279	130.637
OG0009447	0	18.201	148.585
