OG0004943	0	150.260	439.292
OG0005602	0	83.349	319.073
OG0005626	0	110.943	381.151
OG0005644	0	249.542	737.798
OG0005710	0	43.747	206.428
OG0005744	0	206.699	547.545
OG0005801	0	121.334	401.427
OG0005813	0	236.082	531.681
OG0005839	0	84.536	331.763
OG0005887	0	128.034	470.536
OG0005911	0	68.667	284.258
OG0005964	0	27.296	176.915
OG0005977	0	167.368	570.548
OG0005997	0	139.254	459.524
OG0006047	0	191.253	530.449
OG0006054	0	107.166	351.939
OG0006097	0	84.633	258.838
OG0006129	0	63.427	269.205
OG0006143	0	72.301	302.378
OG0006148	0	127.335	406.963
OG0006149	0	132.234	444.276
OG0006172	0	71.351	300.486
OG0006181	0	358.508	1056.703
OG0006211	0	114.752	426.082
OG0006234	0	100.792	372.957
OG0006247	0	127.371	424.215
OG0006255	0	119.763	373.418
OG0006263	0	91.094	342.369
OG0006329	0	63.624	284.317
OG0006377	0	212.307	623.535
OG0006378	0	78.335	296.101
OG0006407	0	189.299	569.890
OG0006411	0	89.212	372.711
OG0006416	0	75.006	333.893
OG0006428	0	81.399	341.592
OG0006442	0	51.079	252.551
OG0006449	0	50.420	231.224
OG0006457	0	68.125	269.114
OG0006475	0	57.229	274.277
OG0006482	0	98.321	341.557
OG0006497	0	128.668	453.062
OG0006511	0	163.555	517.481
OG0006556	0	170.077	528.323
OG0006564	0	103.213	371.819
OG0006569	0	150.301	480.670
OG0006589	0	554.656	1297.114
OG0006592	0	43.703	193.366
OG0006598	0	98.674	407.545
OG0006604	0	271.336	732.094
OG0006618	0	104.780	356.457
OG0006621	0	52.441	217.696
OG0006656	0	144.203	498.329
OG0006657	0	114.523	365.878
OG0006678	0	180.153	489.224
OG0006682	0	76.795	278.299
OG0006684	0	49.980	230.362
OG0006687	0	59.626	232.409
OG0006690	0	43.988	213.628
OG0006700	0	132.795	447.745
OG0006717	0	122.858	392.849
OG0006723	0	162.196	500.983
OG0006729	0	52.033	223.916
OG0006738	0	77.303	284.156
OG0006746	0	98.981	408.891
OG0006747	0	70.603	295.656
OG0006753	0	103.810	405.404
OG0006778	0	52.236	234.447
OG0006784	0	205.820	678.328
OG0006786	0	101.865	357.816
OG0006826	0	66.612	279.075
OG0006837	0	118.223	388.836
OG0006838	0	243.622	713.474
OG0006840	0	41.508	201.215
OG0006858	0	82.308	292.940
OG0006860	0	18.413	144.905
OG0006870	0	61.842	252.904
OG0006885	0	113.934	420.282
OG0006891	0	153.946	461.288
OG0006896	0	211.215	670.292
OG0006902	0	95.660	338.369
OG0006910	0	53.128	230.653
OG0006914	0	100.127	372.882
OG0006925	0	78.799	315.118
OG0006928	0	92.263	347.877
OG0006937	0	112.346	385.414
OG0006944	0	47.799	221.645
OG0006950	0	62.516	264.682
OG0006959	0	291.364	889.065
OG0006962	0	140.338	452.496
OG0006970	0	42.386	209.306
OG0007006	0	54.279	261.633
OG0007009	0	127.215	431.303
OG0007020	0	92.568	310.821
OG0007027	0	134.517	427.348
OG0007030	0	131.329	422.988
OG0007031	0	111.404	404.161
OG0007042	0	45.081	203.055
OG0007049	0	46.693	229.376
OG0007052	0	98.694	363.787
OG0007058	0	30.961	173.429
OG0007062	0	101.159	380.209
OG0007066	0	52.596	267.983
OG0007071	0	51.298	220.236
OG0007073	0	36.752	182.922
OG0007081	0	71.861	282.286
OG0007083	0	69.801	317.978
OG0007096	0	141.603	569.048
OG0007099	0	38.148	179.328
OG0007101	0	66.978	282.908
OG0007102	0	61.738	265.277
OG0007103	0	156.225	480.448
OG0007104	0	66.118	263.174
OG0007108	0	110.500	366.890
OG0007111	0	61.460	259.651
OG0007113	0	61.078	279.033
OG0007114	0	80.721	371.970
OG0007115	0	115.982	435.280
OG0007116	0	74.536	288.280
OG0007121	0	81.421	304.844
OG0007124	0	91.959	333.702
OG0007132	0	215.924	626.194
OG0007133	0	33.613	211.811
OG0007135	0	98.795	399.617
OG0007139	0	209.670	699.164
OG0007149	0	87.925	337.066
OG0007162	0	133.520	432.678
OG0007163	0	75.662	294.500
OG0007168	0	50.422	235.615
OG0007178	0	33.591	180.085
OG0007185	0	37.743	202.657
OG0007188	0	50.989	235.936
OG0007189	0	59.985	282.178
OG0007197	0	38.291	192.351
OG0007199	0	73.985	318.450
OG0007200	0	43.252	198.672
OG0007201	0	83.344	371.969
OG0007205	0	166.368	491.373
OG0007211	0	135.916	461.064
OG0007218	0	69.923	259.971
OG0007219	0	55.583	235.144
OG0007231	0	131.815	447.993
OG0007232	0	40.642	227.534
OG0007234	0	64.681	266.914
OG0007238	0	113.848	460.804
OG0007246	0	78.529	314.711
OG0007247	0	62.375	297.205
OG0007251	0	381.013	1138.047
OG0007252	0	156.959	470.877
OG0007255	0	140.152	519.910
OG0007256	0	131.782	448.202
OG0007264	0	81.007	295.195
OG0007269	0	20.241	120.199
OG0007278	0	21.039	119.329
OG0007290	0	89.240	327.222
OG0007296	0	112.577	403.167
OG0007298	0	56.034	261.838
OG0007303	0	54.358	251.779
OG0007308	0	163.574	517.664
OG0007309	0	95.698	339.497
OG0007310	0	39.848	204.041
OG0007312	0	84.009	354.184
OG0007316	0	45.515	245.429
OG0007322	0	62.618	249.178
OG0007326	0	36.036	196.443
OG0007329	0	59.840	240.323
OG0007332	0	185.486	556.697
OG0007335	0	133.186	519.485
OG0007340	0	57.810	265.921
OG0007344	0	50.024	286.741
OG0007351	0	76.730	309.236
OG0007354	0	63.196	238.142
OG0007355	0	85.665	360.165
OG0007372	0	117.211	413.507
OG0007374	0	46.631	214.723
OG0007378	0	57.370	268.005
OG0007385	0	100.466	481.227
OG0007386	0	75.045	310.282
OG0007390	0	59.335	249.751
OG0007397	0	159.355	492.471
OG0007408	0	66.058	287.536
OG0007412	0	116.016	412.800
OG0007415	0	78.099	346.176
OG0007418	0	174.418	503.546
OG0007419	0	69.109	249.721
OG0007423	0	47.343	228.797
OG0007428	0	12.297	96.852
OG0007432	0	100.189	386.374
OG0007436	0	124.254	398.186
OG0007437	0	33.001	208.681
OG0007438	0	133.285	504.009
OG0007440	0	56.802	259.629
OG0007443	0	116.637	388.289
OG0007445	0	30.663	168.552
OG0007447	0	75.811	298.613
OG0007452	0	99.259	374.575
OG0007457	0	28.682	186.568
OG0007458	0	61.788	279.697
OG0007459	0	49.077	224.747
OG0007461	0	38.143	204.687
OG0007462	0	34.605	170.647
OG0007463	0	29.503	191.776
OG0007467	0	50.229	212.045
OG0007469	0	98.904	331.525
OG0007484	0	48.570	198.469
OG0007486	0	47.043	247.550
OG0007490	0	57.091	249.969
OG0007492	0	34.833	202.667
OG0007493	0	35.753	227.685
OG0007503	0	40.399	219.257
OG0007505	0	18.619	168.219
OG0007508	0	55.894	231.970
OG0007511	0	67.349	277.398
OG0007513	0	50.261	243.936
OG0007530	0	36.537	202.597
OG0007534	0	129.969	461.942
OG0007535	0	162.392	588.344
OG0007537	0	77.324	315.818
OG0007543	0	100.453	409.455
OG0007545	0	139.998	515.954
OG0007547	0	44.073	224.260
OG0007548	0	65.314	279.138
OG0007549	0	105.687	431.508
OG0007551	0	42.318	229.992
OG0007555	0	37.980	206.298
OG0007557	0	78.693	322.023
OG0007558	0	32.386	208.181
OG0007573	0	37.928	192.617
OG0007577	0	80.648	288.965
OG0007585	0	60.513	244.030
OG0007587	0	123.708	438.018
OG0007588	0	111.895	413.505
OG0007597	0	75.748	319.361
OG0007600	0	43.431	224.304
OG0007607	0	101.652	372.029
OG0007608	0	72.527	297.954
OG0007609	0	38.317	170.032
OG0007615	0	42.606	212.262
OG0007622	0	30.676	181.600
OG0007630	0	82.264	310.445
OG0007633	0	44.960	199.826
OG0007635	0	129.542	480.167
OG0007636	0	35.971	218.968
OG0007638	0	32.294	189.332
OG0007640	0	79.478	330.513
OG0007641	0	54.774	214.771
OG0007643	0	75.261	287.501
OG0007644	0	56.996	264.358
OG0007645	0	95.865	401.658
OG0007649	0	36.791	183.849
OG0007650	0	34.018	199.084
OG0007659	0	15.329	122.823
OG0007662	0	46.319	247.967
OG0007671	0	64.646	288.416
OG0007685	0	28.171	191.525
OG0007686	0	116.597	402.979
OG0007688	0	33.878	180.844
OG0007694	0	116.633	384.562
OG0007704	0	39.346	207.236
OG0007706	0	22.188	166.038
OG0007708	0	69.091	295.409
OG0007710	0	64.851	288.866
OG0007711	0	59.915	271.779
OG0007713	0	41.177	194.186
OG0007714	0	44.407	218.440
OG0007722	0	59.299	282.046
OG0007723	0	76.703	357.334
OG0007737	0	26.972	152.561
OG0007753	0	20.674	126.436
OG0007759	0	38.892	203.872
OG0007760	0	79.655	335.596
OG0007769	0	44.303	194.856
OG0007772	0	19.207	123.867
OG0007773	0	124.565	447.165
OG0007775	0	33.299	182.313
OG0007776	0	80.972	407.774
OG0007785	0	39.470	201.871
OG0007791	0	139.516	513.354
OG0007793	0	36.689	210.725
OG0007803	0	12.034	114.384
OG0007809	0	165.331	534.430
OG0007812	0	36.171	182.875
OG0007817	0	99.501	398.424
OG0007818	0	25.587	111.060
OG0007828	0	49.855	233.630
OG0007837	0	19.819	148.491
OG0007839	0	12.184	101.940
OG0007840	0	23.959	166.719
OG0007852	0	49.238	232.704
OG0007853	0	12.511	107.433
OG0007869	0	58.708	252.746
OG0007888	0	62.604	266.376
OG0007891	0	24.640	140.096
OG0007902	0	30.700	212.673
OG0007906	0	20.962	132.120
OG0007917	0	17.284	120.962
OG0007920	0	28.693	174.203
OG0007924	0	53.662	242.201
OG0007934	0	19.472	141.051
OG0007943	0	12.404	100.809
OG0007944	0	17.964	152.522
OG0007952	0	35.607	192.624
OG0007983	0	26.268	158.536
OG0007992	0	26.402	164.438
OG0007994	0	19.881	159.749
OG0007998	0	41.121	224.273
OG0008006	0	20.643	137.066
OG0008044	0	28.056	189.273
OG0008046	0	31.291	191.967
OG0008088	0	21.643	143.873
OG0008121	0	18.476	143.648
